25.109784119597904
25.521749918729125
23.140312029358512
25.5392148246639
20.138416735145928
23.07444297173658
23.403408300723722
26.251201062502307
23.165548639438317
20.16664718057541
23.351284671832193
23.734224396611843
22.742242973346276
23.880059303152535
23.77006496460121
20.228057217344148
23.283791273018146
27.33778979096842
23.141496226338433
22.3430642276549
20.165155233143473
23.237218485171404
26.137484621950936
22.08920009379667
21.351815006324554
21.692640824672743
23.34818062104064
26.175310379169584
24.290899879335328
23.443052539124356
24.72174925794754
24.35014511639326
21.83794954160353
21.62930439036874
25.53619870381132
21.296583484793256
25.15117154752192
23.308741305572838
23.135414740756573
23.825762079451742
20.002255632854713
24.921858133520917
23.25249589569421
24.640224517717844
25.521082750758474
22.596333559432555
24.477869337767096
22.223264637411162
24.943875217517224
20.81316052452051
22.18912368042508
22.92215179119995
22.28815048736165
18.99758594568168
20.69086499562261
22.157133061716205
22.532110598481434
25.18630484235313
22.94657940473826
22.730423730820764
24.831251317119573
22.246339670264536
23.05977137067986
21.46766775147786
24.474205641486495
20.527186356431088
24.093788384167897
21.904388982034394
21.743672933620857
20.701448760090614
22.006969161220866
23.75668056955591
21.863310515426534
21.51628639691508
23.81087737431574
21.067600293112157
21.7518787688858
24.145194369305006
22.99807813867199
22.629067658461185
24.235933953646533
24.08669630033887
18.790620083578673
25.72009788235562
22.160334657793832
23.47214160915838
23.145052897385376
21.598804640463218
21.02562369876321
22.084638660376744
22.80816610598437
22.26639611462094
21.157918578291913
23.100482821642117
19.928808848311455
24.571351193267255
22.68752989333349
21.94246330607968
21.687717086526447
21.453098216100468
20.577337997465285
24.266825305946856
19.002795892514158
24.826687064206773
21.76744150784248
18.280908075857273
17.885265190546946
23.48425428633694
20.87532064160276
23.757241688926456
22.051620691415557
23.606104103220613
21.18526919516733
21.024994594909128
22.324348034131148
23.03472615942519
24.019492561872212
24.28846536333999
23.517024562150716
25.72935400558184
23.42675611499286
21.28897231454208
21.357626196998403
23.068279588457912
20.597228273258047
27.46514979741183
21.156844430092466
22.100261552792738
25.156460932421183
20.730713164912682
22.636614961327865
20.965871409307308
21.272381447312075
23.43587806824651
22.31740893320652
23.025552482998606
22.121724592807446
21.16124520084693
20.02776529140556
23.702377643319252
24.063634139369235
22.85260951103572
21.96839807109318
21.71793338247837
21.93430272289449
21.374475041314692
21.905110561818606
20.51221427126221
24.19851914875807
22.28742318955402
25.81139390033901
22.691422150656912
20.28295111960446
22.109548921762293
22.37055088199117
24.50663976032137
22.075781455929576
23.869275104317104
25.282162271510416
21.559978901412496
26.11430956426086
25.11581961942509
22.184810595949994
21.479871951530342
19.106635278084468
24.42014895408044
20.60408853527868
20.943574417212954
24.110885296915576
22.44344952480092
21.211894716372843
22.053469694958302
24.98068866488132
21.711558225862646
22.588159936151182
22.987151345479074
22.484621692175438
27.419131456658363
23.219873278795838
22.199649964148875
23.526997674503203
23.66826899527172
21.340351027767163
22.264768061421545
19.009576072913394
19.757226915366605
22.774129888852233
23.259106872407003
23.86449506161236
23.285469982868285
19.808607131187255
25.698177161389122
22.708601159828575
25.429091544081793
21.372165521036766
21.869683579368175
22.178378249371193
24.96062837015946
22.263278053973696
22.734001833688836
24.446232272508794
24.659225705869712
21.638227617100785
20.21381479062696
26.360724655857734
23.450401329911518
22.294797154712167
24.97529088860263
23.154431832062237
21.126558804084837
21.26908330591634
24.773911648626566
22.855195356129542
22.5272363466083
21.484788846564868
22.008117301733122
24.30912239884866
25.24459594919393
22.263713896661102
24.497980776361704
22.347128160694204
21.848401198035965
23.39403920690036
22.35671508322429
22.266721990550046
22.109959054311858
21.698073410302193
21.850692962926754
21.26319234864982
23.331848499944808
20.94677901760913
21.897386275621628
24.00936189154941
22.591996101450036
20.4124213009838
22.987051969514674
21.84795424267658
22.551414005760716
23.59055854195685
21.480039401628513
24.33620825955867
21.237101753025076
20.766871348593142
21.306450353833675
25.406406025043673
21.36542642919408
20.98654995940715
20.75878332802535
21.17630676565015
20.475360184387387
22.929716763997863
23.080956076146954
20.172706801244182
21.972550852039856
22.672318726468163
26.09485865081597
23.132644920327106
23.25334978801468
18.74145382657955
21.72351963629008
19.652519683016234
22.804429344057713
23.914730252195003
23.495499434582836
22.505358841163453
21.427488439774912
21.92351551412045
21.889171555640132
23.49270429486258
23.4915466582597
22.87605026679707
24.130145635931626
23.037274135374542
19.96227321045496
20.96748627182936
22.76514618802335
22.49414517664847
22.089968552994108
22.21886280087699
21.982082830053397
24.386890521161927
23.72182094525744
22.250671685710564
21.610831588534644
22.199152211415317
21.614732651136826
24.96275498645957
23.061812151343972
22.723707073363887
25.78244008697019
23.024116003598188
24.752317781709714
25.753701448976944
21.189533789932895
26.044464856526012
22.151738116074906
20.269883681046483
24.81918954901424
23.131033406404693
23.942912415872797
23.038881144454184
21.294315059233103
21.327604831144235
18.102484913439078
23.02276932296496
21.8408728168402
22.21155433548577
26.791110788905836
21.251762626737516
18.44345312297218
19.242905731554256
21.970507805328705
24.16455912360056
21.520602817087862
21.489312024041332
24.650125344068268
26.893839764907888
24.22154518101432
21.85886256185319
18.414825039192266
24.589005363206056
25.989066897702372
24.792142563232204
22.77782013842235
20.653536170051645
20.01079180679817
21.591676742983392
24.78417860821617
22.396742610443095
20.97030491388942
22.61420874396593
20.162354987089884
23.559115915312656
20.04702895010661
25.998366581809687
24.51368957789229
25.70850065833209
23.7018403807426
25.25122037319192
21.348768273383737
23.730517362742617
24.505764978589802
20.52655836840219
22.592033808318373
23.70702063926275
19.221397182758658
23.957360825211
21.058868423657618
22.97472889411166
22.35942080109206
21.53909564596438
22.584348638938657
24.164735895687365
23.583760376837642
20.321876417115377
20.545172697908583
23.44057243492362
23.406639649296828
19.326909949638793
25.222814911934847
25.08307274269609
22.222969155045316
16.433576717885856
25.304142613126366
24.3783060765014
23.36690704881894
25.62737193514108
22.44257380019991
19.90444715899733
21.787298193274097
20.10273990836762
27.366919603153242
23.073241410767405
21.35069639821747
22.35715237196949
19.64109601867666
20.56301635077705
20.75104272153536
23.7294961736088
23.0768203284617
20.05386671841224
24.277232989032992
25.17761337407743
21.93304362523723
22.98839791872182
20.48795639284308
23.836058484815517
24.43838970348164
23.986839494893164
21.670995893237247
24.27985967013427
20.61442299234693
22.270286683512353
24.59979410085627
24.0544805803707
21.18828905078522
22.354187019975583
21.79405769294999
19.322161329139195
22.53325195027334
27.773703388146522
22.26031616520819
21.727086132659043
21.363132396300017
22.996543389410412
24.062056487326082
22.251557545305165
22.493027920929205
21.784042219313466
19.84105907287207
21.321846293778403
22.48012517660782
22.53608795268591
23.951586314379135
21.063033711808917
20.175171811241672
21.467140375042597
23.2722780654182
23.489916880402408
22.930354423750767
25.97530501675129
21.827094991504723
19.142354831882944
21.016598950765285
23.144767481383088
21.480082158145446
21.525519801869386
21.520935846747633
22.288425746753507
25.200777887012617
20.41001885310733
22.111258021795123
24.435654266154582
24.976122979248135
22.540356437854545
22.177562841716252
21.68809850692373
23.72991674671876
21.040573673089824
19.39538134351138
22.46305541845869
22.268160234429374
21.42417515853794
21.07253014792735
24.31281689253645
23.80785875113831
25.572899332432332
19.310877884999922
20.942323375925547
20.280151996197585
24.86011812251876
25.48138812995263
25.641396770516536
24.04549328196501
22.58557188865335
22.07939232092721
22.884769613548652
22.189332893292562
22.07607949664952
20.223934266281617
22.00068372897404
21.97980752377583
23.58308727076403
24.08977001620767
24.487821777159304
24.196705256595163
20.969553005346416
25.551037110172626
22.72828359777851
23.742639919942654
22.291823828391294
25.157026067928186
23.617360653991582
24.611677650971806
27.075623279974856
21.672639991902464
23.366354994847157
25.267099977630238
23.225518384514547
21.94116080928623
20.515800685381624
24.291609281917786
21.6501280091085
22.56556034556176
23.681685004020103
20.49701861942564
17.97315001913796
24.456725760312743
24.178779080743205
21.278537886313927
23.520331102182627
23.17107046686437
23.431537458303875
24.733088085656387
23.04999632146725
19.94923030898345
23.703874810387333
23.111350141875096
23.017505764042156
19.728297731117497
22.576254209168766
20.449789497337154
22.24367065448398
23.368370101412342
24.58793492885213
25.89483439998633
20.565708054896177
23.11471103619236
23.239862353263057
21.85995164717831
21.148054639834783
21.56204044027212
21.662447954751396
19.529775358794854
21.892732671308547
22.57030652708078
22.24801490564918
23.70620739421744
20.65284695691243
24.322947778736612
26.14629562770743
21.77159203911452
23.293949607021414
23.030422608764077
21.070117692384887
22.0249926142023
22.651710383494173
23.06860235955584
22.068138309230513
24.70449514699308
20.414480100732835
21.006818539183094
23.390891947523116
22.963774160371695
22.763766626282965
22.25734254209465
22.400594973696478
24.528053089903302
24.340900860713
22.75631781385805
20.92336338467589
22.33037273183714
19.678248641673417
24.476432633316637
20.909170156462576
19.50256450782374
23.170776687200306
23.40126063946625
21.94789691419903
22.439594075864825
23.49505404506308
23.680127780512723
20.5208844151988
20.846886810304124
25.79954494104665
19.45662277059622
25.214429380499922
22.54074809586899
21.619188585841883
20.988217937664874
20.731416252397047
20.816112874167096
27.467070347144077
21.81381819405665
22.00209366751949
18.823036938078847
21.900445076766054
19.765835195173135
21.255943067061146
20.289626314368846
22.792632575418278
22.285990727037273
21.11040637617542
23.138522590568243
21.68406464891422
20.069985533502503
23.392335957306216
24.06153225008168
24.14998051181734
23.672951239379667
25.447437975573024
20.102796250429535
23.849989559149982
22.3398426602337
22.382536763526126
23.51482294031962
21.747477143239827
22.729604017161506
21.999033002155077
21.779693894059704
22.028278482555116
22.406408714353425
20.895169613879954
23.101683220934188
24.324575932525356
20.765194542989093
22.855362633326934
21.201078592203324
24.71329328483665
21.19411971396334
22.2948109859808
24.975033187069542
19.153427702866875
20.453918716005454
21.87175456300477
23.426234223722123
22.981467165595056
23.14248510248746
22.478707580083814
20.45673523643965
23.19099980167088
24.009007553395804
21.900847815385386
25.75284676615976
20.692543816748646
22.188096831948606
25.889230759450143
25.33636080330467
23.227994411856557
22.66202886322103
21.539059504773697
24.100095814595033
23.657932243633173
21.51675742193302
22.05614692390373
23.762887700939107
24.971679335660582
25.304634731941935
21.6141111875672
19.88364001478493
22.61709265255842
24.80062543474267
22.354939807392917
24.856904543014025
20.637700161098866
18.79195169845702
23.08900113839759
23.98332095325515
24.882304631220418
22.439423219767605
19.26004360415876
22.12205709828392
21.6800631508274
20.74505425351485
20.3573554054886
22.750301203984705
25.161605802779277
21.899045367453528
25.693056950048707
23.090768542494825
24.05129181725469
25.93993500340871
22.731075866106384
19.78631715002083
20.229396637350746
21.91981317698936
21.74571859378656
24.221399151009724
23.52313805681178
23.246648532083572
22.807424292437606
23.095279244757833
23.649401136406272
23.534222402991443
22.570516031966648
21.89772798564954
22.828293766354403
23.691134164727902
21.712659414369842
20.668551797412537
23.03428296722646
20.718893235197935
23.492143184277115
21.94179976557127
23.253147574018353
23.063463305521182
25.528882272023306
22.641870908643362
22.51228969074666
19.75107572298725
23.362429083302416
25.86554105326372
25.100548293926167
22.73066514687683
21.03310617991645
22.113249552635452
20.90398810047521
22.645808062241873
22.597722639572122
21.217649012160464
25.310937419892575
19.450234027536872
21.832887749951812
23.926180815650234
21.062833686138486
21.181627495517116
19.94326761926901
25.8737237443328
24.756237891549354
19.24516830949042
24.702766756879235
20.647039114216756
25.86027733220024
19.086985151533444
22.035481818146923
19.33193072095578
22.069605758583222
20.95263344113613
22.294419109285748
26.857457903184006
21.83718030767175
23.121404991817325
21.163719676042824
19.462193655511648
22.28873179592096
25.038572433220747
23.902338875468185
21.386922131292007
23.30623620406698
21.65460143104209
22.296991337237753
24.586414395741734
19.925402837946876
20.45626663813568
20.901464201806547
21.299993315929907
22.883218707593866
21.13380184435432
23.970489174883447
23.62892062610114
24.628581327969943
22.544909814723468
23.06766010469969
21.98507070977363
18.59739622746604
24.26716658064837
21.48313958318052
22.71666071404774
18.386484513442245
23.590117203138263
23.619224875982006
25.385167494601504
23.185025838703403
20.832598710241438
22.017445610238624
20.92569032252389
23.155681080017825
20.340595102122307
24.090890910041743
22.18402304620397
24.484413047442143
22.71756051113847
23.981062331666628
25.371297111219377
22.909418329364154
26.33559628695958
21.776552364995265
21.28311427290404
23.68758846631059
22.417925562769394
24.86846291454292
25.132122012250388
23.34507700138501
20.5182451358115
26.1185780465346
22.344133840049764
21.66731969621651
20.076302911978274
22.739527561898665
23.783545256225143
22.56097434034545
21.146168258755786
25.572117461384057
22.120745616445806
23.994934893614637
24.34183369921962
19.902827777566557
22.663713220317177
23.16541660034417
22.427888676045175
26.49461709981538
25.790692874396935
23.433961959290635
19.797052864327817
20.72077305870259
21.827473498487926
24.327590453944218
26.459646283720986
24.307699231735196
21.093863563129513
20.236943205656335
22.93418409739445
23.499652203919997
22.502481318095768
22.93747446822266
20.51853402108147
21.067692181823585
22.074659100890553
22.777669210452792
23.841050451757944
19.63604519348983
21.094096858086214
19.816739873929865
25.066783770527362
20.346539537266366
23.58055078116577
20.32969298328361
20.960075909792348
23.912883795566202
25.686182108746014
23.30534997641229
19.258000201666455
22.684152708112244
26.858471455647283
23.932766230919125
24.766458758561328
24.634567303086403
21.594694990431353
21.551539308381173
23.619490054576747
17.46082223588089
25.360784407334823
23.849393022819317
23.596557591137774
22.709373660611277
21.40311084537616
23.2690192679363
22.94361033121761
23.40712832756046
20.510654078216156
23.143571290663438
23.011045405780813
23.427391527341683
24.6463263191533
20.485408837016795
22.320804981596687
22.112188216550905
25.1989758360943
21.19267905983626
21.44917978444874
19.34081830357591
24.895965833752328
20.818305262781116
22.909290120405945
23.403836615899746
21.019091193927807
20.509519759391413
21.101498095924057
23.858283187101456
21.66588384638805
22.91796587428322
23.800689245703254
24.818901732896492
21.60351348587828
22.32349193671471
23.87786898584573
23.753373116293957
24.4230598368335
23.617426503780518
22.55840810980666
23.608601520369458
23.919939035701027
18.536164865314113
22.735510842835872
22.86198473873336
24.37711246030713
22.671340286237154
22.504275803164006
22.56464444837993
23.868984252291618
26.94426110699015
19.96365997138687
21.770328924884268
18.68898588045968
22.979119526339964
21.74510641786942
20.932140958664824
19.959584315495917
25.052095331614268
23.235986397785574
22.268501056766368
21.963963468327954
23.966276460737916
23.51008393053688
22.861896716635567
24.432247451537012
22.80799089599299
22.615013624159612
22.446432921884792
24.56261550628255
21.353293487917682
23.924255234856332
22.38811171082092
21.887444182948595
21.962363480783083
22.765721541889803
23.71479650068173
20.54460590111239
23.817097758217173
23.82161819649426
23.67451956204472
21.366570516093088
22.106337627995988
24.239655674652155
23.48205349656082
20.85467322319126
21.111012643123125
22.98525110635422
21.820584157046763
22.991497216181124
21.084231550332497
20.703902134184304
20.54700394545772
22.524271486252996
23.594469743753322
23.046545892059434
25.104020195776755
22.09580483329731
22.525710628224303
24.383823479639716
22.718594258303973
19.825122188513824
21.923405055266425
22.321687418001833
23.235238075627958
19.877943642561032
23.787996262254854
22.36633341388113
23.69013576425148
27.597161120389014
19.235434813541033
24.395428976929782
22.029867922617427
22.820514074854614
26.523491963891523
22.398299512832935
23.179078415250803
20.41404936479476
23.915137737377595
19.126234402161643
22.107334000742146
21.394204985571083
23.60261690745256
20.408084854228296
19.90224751408507
22.421129988303885
24.315458482281354
22.557844244661233
24.19780738284277
21.090324261758138
22.489432307410382
23.89072950303844
21.726189261783293
22.423911262096265
23.277902067091837
22.61179309003269
20.9615107275973
21.69204704369157
23.692123051201406
21.66998575116334
22.70467287709245
20.729015272465556
26.171818781208444
24.25679408830249
22.333765532307897
20.62719750346268
23.29921055500074
23.51786353752475
21.504571437808156
23.44664111028595
21.663422991115933
21.797218820265016
21.792074518385547
23.32604809273786
24.6606936654906
25.41342518838352
25.865764695377848
23.421372328217615
21.691141970362132
21.60215922760818
21.101227327716323
25.553426897732006
20.94126455323362
25.030244781201144
21.15198881292661
24.798539691175165
22.242614595590936
24.269936889661913
22.978571963087447
20.54356068381737
24.51176963967449
26.40128544388341
22.904978188727945
24.44687774486221
20.80298448436955
22.51987221781633
22.156105700537804
20.53897131950235
18.60957354813716
22.535315713469544
