24.704147750000757
26.312755380569115
24.29269223299483
25.468286098589587
21.345336534837195
23.208219668844265
23.25387768919189
25.350148996965867
22.67239576342694
20.60055412390766
22.510613896589938
23.9149667120687
25.0030677808554
23.59795439856612
23.31816282393097
21.448334179680312
23.31027461552723
26.500131278882495
23.927180192593863
22.628653433087837
20.98333373166726
23.59972385511985
25.31807580128588
22.07292652420236
21.129461192029083
21.046061634028387
23.16810120535067
25.319649147928523
25.945882113957403
23.384166705982242
24.18402212741509
23.12433785794094
22.04251062039591
22.77724598291404
23.672476708163
20.992052374813056
24.013168074694047
23.779563294161743
24.284814376725702
23.566644190623688
20.878651857836992
24.07719363273086
24.378065049540673
24.056251806347667
24.674562197447447
23.124501054953193
24.332218498549146
22.04897626964464
25.113857716445303
20.533295078851317
22.9007394764781
23.426954678192562
23.98733897998689
20.848079965326693
21.14758923812635
22.225382522839418
22.615138104250395
25.204431579896013
23.801702244542263
22.30940877595569
24.964981252246456
22.888066247458305
22.48145353183098
20.650349947485473
24.619343463060368
20.75736331126107
24.42162280372632
22.36475169984056
21.871535992446336
21.655996618776555
21.71375663366842
23.78086021344417
21.06271492436473
21.999123184794914
23.615638403815307
20.77047113775467
22.08925521373586
25.07483296748627
22.96078914342986
23.02077298313089
24.29393786408061
23.744998552585365
20.63731775231863
24.75235955291021
24.229186743536765
22.18279188435055
22.28870690097494
22.570555124330514
19.632152271642035
21.565200798032574
23.309419426579904
21.431631348599357
22.398724562712346
23.52427158608208
19.829259566450034
23.781504245333558
22.420247469105817
23.54504384204709
21.59823650781029
22.00602096723214
21.35139368299651
24.70167673459833
19.8569571115533
24.94393845109485
21.086072996939464
17.993208499932344
19.137501747449786
24.034462891797926
21.17436853460171
25.095905434980853
23.563971544575647
22.892035215602217
21.613882111521523
21.141831275212922
22.129541448092578
23.894028904883676
23.508858809634507
23.46908697495621
22.57346251817101
25.03098859076278
23.86787794843672
20.500716646448318
21.619826904414147
22.170298659035023
21.903221123855612
27.446989756989975
21.684145064543998
22.408897928797682
25.174836999766626
21.064883555096102
22.60161576319487
21.04136806619025
20.994848777408826
23.571670132188107
23.936878705578156
23.164230005723574
22.698761332988337
21.085209251439682
21.795588605617876
23.49718178081317
22.891908659717185
22.017149132718643
22.118401493269204
20.729677753873748
22.182174161430797
22.311802218744553
22.813535382103186
22.139319218221264
23.613372991292312
22.379896625628273
25.78708985056436
23.318180037949354
21.57685182116853
22.37544040308013
22.632564958494335
24.60731447114635
22.514766331339214
24.072512168089204
24.814235181002122
22.77517803881574
26.929652299977402
25.046948267717475
21.529947225605465
20.994463867212204
20.139875274756623
24.12613038523808
20.60604350604479
21.46379845240155
22.777548928205192
22.467850750209145
21.71167824282146
20.71275633124667
24.589287979932788
21.477072692337
22.96992106627744
23.85868833382492
22.17003517006567
26.238616272385915
23.27112434813096
23.16881687864188
22.03429910054594
22.7467170361295
22.360263451963323
21.822574313011543
19.47545235293651
21.152852719558897
22.258512626644002
22.56803603212369
24.667134874197252
23.896239426005845
21.992365009894296
24.717193310972675
22.232754965471692
25.25001110007696
23.36397249082798
22.150034399846664
22.960440521053584
25.301053992371852
22.601344086268167
24.139958668958403
24.75051275171871
25.280322294154068
21.431662157204993
22.10827453526456
25.217880959203413
23.59936119477778
23.97546448942609
25.37870594957204
23.029162553346374
20.905441166731805
20.77181506757148
25.372496140086767
22.893069481580095
22.387673548263738
21.156080779682746
22.86658276507495
24.147569761872074
25.323806814100905
23.41287748267369
24.512517455569295
22.015098736878357
22.589330826597873
22.47474144542871
21.748351095302834
21.70629679867733
21.93928829919668
22.247325762258804
21.16199129802023
21.490986710047352
23.00465510631318
21.90457605839899
22.688728978395012
24.54486843216303
23.363645762536997
21.559106975947387
22.280417229128652
21.385752722459614
21.94011841142467
24.4235413434938
22.2721934650229
24.881331820482476
23.000994691205598
21.2026314758818
22.305143014255783
25.693014350934842
22.83183487594482
20.944350777411866
21.88352130136786
22.417512376932024
20.844967926252146
22.809844735167456
24.37907259732605
21.949939539591988
20.698767709659656
22.871782261604963
25.258491313542514
23.2280105309776
23.849171919471193
21.135360227240337
22.890924903354176
20.36954253927482
22.619928882174346
24.045423303008256
22.97579141115455
22.785653614554814
21.026271761716032
21.963796926662948
21.885937382458696
23.830304701481886
22.306519203727188
21.833182311995117
22.412578346516064
24.716378259699493
19.87277157371709
23.319067307625343
22.20843954259684
21.739399993306094
22.408115528347263
21.765814715412017
22.356063798115436
25.418617156534673
24.05387885757995
22.843416668718042
24.333777054103763
22.259519715969795
23.449942124388553
23.70447112054472
23.23291887799873
22.720068612888106
26.526510960433768
22.688104714573313
23.16006079416469
25.987431693272274
21.858349382575
24.876873643546276
22.892661042478156
21.86328609175978
24.55345620222848
24.160039046370752
23.03037629888438
22.975998201069327
21.259339407624925
21.785049720950227
19.82697346248553
24.424025160756123
21.37666484142569
22.69445412865983
27.155074050143607
21.499752579854782
19.06272910850632
19.645342674992545
22.316368240386424
24.879782875940442
21.72242124034226
22.751389017687817
23.36593127495499
26.694581353924278
24.774962585744536
22.45552884462187
17.901942084113283
26.316964638629848
26.179207299022114
24.272843880972587
23.889889049329533
21.47289211669673
21.45660572665326
21.839271460742182
24.244468574838233
22.199555431962423
21.502312957421836
23.346400894044823
19.71014742413361
24.04041193820899
20.386288401560055
25.224736569762833
25.24977174692155
25.684690527436576
24.05595831734923
24.950528272702748
22.50181987371351
24.152880871287508
24.476778706499584
20.6632526394258
23.979312531536902
23.672493835055384
21.11110987161903
23.795260204827844
21.167758744763045
22.586244306434867
22.75897544074264
23.189095923832152
23.581649659244963
25.166903380937722
23.531603352960506
21.007908220974503
22.315277125254404
24.08712183104676
23.78711990077146
20.249557507049268
24.172400954109715
24.976875345123695
22.204055524848716
18.162037936302617
24.53035513224993
24.141678160804503
23.42576492584573
25.11731561364074
22.999694233034845
20.531570478657006
22.719928341461205
21.00579951380827
26.45225586257835
22.87177122220602
21.475221479581315
22.21504944458871
21.931426543593403
20.34988497790223
21.183830780211647
22.521753448522034
24.244497189084434
19.92384018063029
24.825589273173588
25.179633553705813
23.06006234019174
23.36620214539598
20.40096847584988
24.574697472288058
24.461207393334416
23.09972794450262
22.428021073301785
24.827491045218007
20.905514103385016
23.86724724689927
24.93815589904337
24.396071344546847
22.95001653966839
22.203358059902115
22.81515607186198
20.20584219047901
23.524445348103935
25.795823742374644
22.03281298133973
22.31478831353299
21.605730475325075
22.000601806621983
22.759374028706933
22.484803935781354
23.58818781723645
21.3768649143362
20.452825083593325
22.215646012288758
22.78071984392906
22.943461333339567
22.85052051899667
22.21136614641144
21.311263715155697
21.530338053419317
22.889941225913535
23.175807526658513
24.075034968825737
25.363481446307944
21.781505491799017
20.790087429432166
21.603896999781135
23.56643628951032
20.762568634310604
20.72599950296341
22.624369165544813
22.386105688376034
25.805584544476226
21.529796134904657
22.759666162294085
25.001285632000975
24.65161660420514
21.78555617261822
22.74909505376526
21.480965472516832
24.015261403502524
20.674002709711928
20.74649729233085
23.227963681083164
21.595246917033187
21.381546384939078
20.952792651136456
23.130388619757667
23.44131050456795
26.061054165803586
21.255208587936618
21.22575478904249
21.455806631535097
25.66440559396017
25.355135387183495
24.16791131067006
22.325020343236027
21.68317991881323
23.157409058243942
22.227134668318985
23.08257250078924
21.736679013344908
20.77798163363633
22.75044794870831
21.409082266347664
24.18660903210353
25.004181247028196
24.136290750723887
23.067212475314058
21.881889398976043
25.05712798389697
22.92326740263478
24.91870130256446
22.179180055913292
24.47824508457132
22.571507971359267
25.533801314859776
26.894684740075675
22.18367880215928
24.59387957425676
25.34396662191219
22.593334156451345
22.02797884420771
22.724383203137894
23.596916787164222
21.730223292567196
23.585243477373083
23.450641309513887
22.248184339479298
19.1652263849725
24.526238307953935
24.750349660367274
20.875900488807076
22.849043657132313
23.83760388619614
22.72343827648418
24.621384623664547
22.57507487460935
19.5343304316064
24.626753116099728
23.172769836918423
23.33961145358384
20.389761030822427
22.582727282948245
22.48318412418996
21.145351968830823
23.43397396657138
23.916261726463254
23.979374232178582
22.697909017690357
22.762961618431557
23.895328572903725
21.721865535413002
21.274221583713743
23.099362570166267
22.620304046446346
20.48565966280266
21.70167126978502
21.726802658396345
21.55187807959546
23.050312377570275
20.824525403388687
23.809822643183676
26.129696098271328
21.798896399523
23.124094537321213
24.298339049016374
21.262802861685202
22.74938838228235
23.827720562239186
22.914546887881645
21.220966257997638
24.49648136445707
21.478123147242105
22.725108092365
23.808236930195925
22.65518517104086
22.473372454034077
21.6370170004016
23.176245127931114
25.012911677946043
24.45251812589586
23.023059156329374
21.47186229550695
23.471948452278543
21.16915497095161
23.756668526984274
21.862687518747823
21.019028888493345
22.10579073964073
21.86071407862813
21.744743526426976
21.950742343051616
23.185354814182666
24.79492541213376
21.078455496085386
20.734580030559265
25.055826762711234
21.220049942435256
25.065786775496218
22.232554787170827
21.532423281927358
23.311886979913904
21.490435705041808
21.68143725910125
27.305735551031436
21.559443935922094
22.96369294459807
20.20299375545104
22.727633305675358
20.5765569779035
21.36562161079843
20.810150855343178
23.339460646855283
22.061832903520084
22.09792956779366
23.81045662274078
22.405686283231745
21.49499294055044
23.329720312374683
23.835649294030365
24.05529618805651
24.641335414897178
26.58411403598513
21.490116682875872
25.27377099097073
23.860906798741105
23.277580310745282
24.222729125596402
21.5564517782836
21.880837404817157
21.551665164115228
22.39641931763716
22.987352474262284
22.44558380359646
21.0059096951557
22.44706092716911
24.56461575337937
20.932313263067396
22.48851588190605
21.873677841808504
24.78155808457162
23.17134076166891
21.649024114663813
25.05168170577749
21.242840647719465
21.58335442391024
22.494936200640133
23.545253900713902
23.551508049804482
22.99779878193356
24.00422000040459
21.796359992110105
22.49619001955793
25.025393625553136
22.510653518134703
25.197399426472156
21.824386741843448
22.586769447095882
26.53417656382652
26.600209151669745
21.720598107903655
22.585300267738088
22.968139769004335
24.679554866516998
22.019359930959858
21.726882481429314
20.302897850025353
23.700617941434245
24.50843268269539
25.677772311515895
21.312750436488148
21.18827076343527
24.53734484576874
24.387180170452304
20.519856049700287
24.08085825598828
21.6314357368724
20.9110469407582
23.546666002099624
24.813820692850992
23.500140652348783
23.155988895169767
21.108194625272876
22.194695994604906
20.757022764186747
21.161872269428425
20.83958853008848
22.583121107180045
24.95505036601183
22.61538059980024
24.1368098269824
23.652770440619836
23.79007894038033
25.878060281586567
21.061001688237447
22.128683568027178
21.448080907061705
23.57034714462312
21.681845666037496
23.13096509960907
24.405717125381383
22.751816813770002
22.217363100022222
23.51724980985851
23.692307493947073
23.179668887528397
24.245243588325643
23.734044848327116
23.150613746356562
24.25566471532718
21.408037797127722
21.376918531817402
23.068622965274812
20.906361735873205
22.857315861232674
22.871333523600505
24.73630726430427
23.954822755344093
27.3303024082829
22.026399380231798
22.74934426552605
20.06408007617597
24.363072821013528
26.616617787658075
25.03613713878388
23.762657561632235
22.47439779058706
21.68424526471565
22.089049603526053
22.757892280554334
22.993558708361807
21.72435102547722
23.622455462766865
20.417174368088176
21.201295631042264
24.23122633585747
21.149052260719603
22.49319473321771
20.626355225154327
23.357970219595774
25.061049629300626
19.846747704331154
24.964648149279142
21.941740473476187
25.082971953223925
20.66293333041933
21.67501908212792
20.876738675845456
22.278775909262873
21.35555187306806
22.356026421560323
26.01680415488098
20.595992527130353
22.932799199266302
22.245020341397232
19.667007095189142
21.99153334447577
25.412530361084407
22.89985224615625
22.830813656508646
22.813685703269655
22.164563148991235
21.61063173633507
24.468733269824508
20.707559508225383
20.25311845510952
20.917147942161357
21.703283924352448
24.215702884932213
22.801936288882285
24.628484301643454
23.322118266391758
24.73627500908496
23.361572787861967
23.46363808173665
22.322633954638793
18.7998842743679
23.612831601833193
21.90131302045153
22.811887183868247
19.032292477484113
23.363653316296965
23.15761092779768
24.27971088710461
23.96285655514827
21.29445563561848
21.758393359156145
21.36487326379091
24.564662843250304
21.31280525497832
24.42687409488835
21.998548457548736
23.86288168851184
22.49179320013029
23.40013578589714
24.643029854953415
22.06178117961241
26.56720611602552
22.138147119174807
21.075000563874482
24.04298952270251
22.063546638556986
24.07933512378512
25.93298854747452
23.287830760272062
21.26774902720372
26.24781131580524
21.949709628382163
22.78112586346447
20.872026810058635
23.007490445364425
23.966319393883772
23.02860108756394
22.891019702282744
25.237589381838834
22.441522687603264
24.499911719019405
24.78460777074093
21.529651132146135
23.842330500322635
23.582418275669003
22.849778700511905
26.39645765014287
24.362520157190634
24.129850034037165
20.64839688237271
20.893519462612907
21.634251364121013
22.893734263831018
25.50794290407466
23.27617469985527
22.2422101643478
21.477875469601635
22.609428085274523
23.23120449104624
22.188117425116552
22.513381131369247
21.387157125716076
22.088587076911306
21.068104501277084
22.525155417878935
23.784741850463835
19.3686876941893
21.237415449589044
20.277462511143202
25.099231009313336
20.690821771745934
23.638306439923273
21.23499680922877
22.100170748325493
23.93382303221532
24.258493598626924
23.966700369635856
20.20475974193168
23.208418262802404
26.406837375952833
23.286860135229006
24.23789114750982
23.744238689565496
21.64582745726829
22.261902256121207
23.370567383185488
19.41166748231961
24.685009973236046
23.794451530365052
23.83940002840393
22.805966608044365
22.66877728283865
22.75656560033688
22.92803475602419
23.503505318230513
21.244493977717465
22.452557861502193
23.408945796353393
22.98602359533029
24.349312879304566
20.99958741946541
21.850353645615122
22.14218820295915
25.365024919081378
20.241604924762672
22.785777837962595
20.048698254842343
25.60482702753651
22.345433505387486
23.76386571904184
24.11331607951032
20.524786695174353
20.049403948922738
21.985937856798348
23.063844680203157
21.420480441657507
23.294754371220094
22.907504650252626
24.879506767392684
22.47307366798416
22.820870132924437
23.9792993769481
22.003379870329596
24.390312640215214
24.60255458378104
23.872341266028936
23.478152702193142
24.355230681864054
19.207077959158422
22.67538935238195
22.846314444875674
23.84745114793487
23.444042278188775
22.231464234985285
23.539461139207784
24.58714584051341
26.737078689868444
20.9722005266317
22.2066418230205
21.264293462026373
22.011717153031654
20.98310818290841
21.24456641199293
21.63059839984182
25.21534621267642
23.650625502849664
22.381922421981823
22.452966131523187
23.91618750122837
23.229909664739274
23.63469611572238
23.269157682104478
23.41200061353837
22.427131431152148
23.991865133080207
23.444595267367593
22.967169108679037
24.259367233396343
21.937556986144518
21.865106641945815
22.160310313613117
23.474814485883083
22.734607344556714
20.944784326578485
23.295040239254746
25.25922399339169
23.164118897281547
21.0458083431044
23.99209365208398
24.981726300522407
23.174528263748005
20.17653972322802
21.49201489930878
23.585147606782726
21.43045492412058
23.24102987523217
21.219436800290957
21.54322843420174
21.51184981418206
23.729969653799127
23.27687273279255
22.203124447404946
25.550144987388762
22.535586938192356
23.37445619334798
24.32193274976473
23.290306309490287
20.95102300473517
22.838517464331137
21.910426074759265
22.038552088465046
22.169632547484444
23.316561083647922
23.390628386341962
22.226848427423512
26.267228604245798
20.43944186590498
23.913089621503822
23.7337935816021
21.522615873721037
25.746821616260558
22.187216213532395
23.500891970050596
20.692984852881764
23.5477068636081
20.028870429369235
21.939790797055842
21.741798800929864
23.978781788901035
21.398973112305885
20.096278426939335
22.619350697779613
24.6244937283046
23.24778494709011
23.745383720092626
21.693604148103447
22.283714180879418
23.61485863065379
22.049832017450782
22.792200688371818
24.541906642216016
21.453780085636975
21.240297534998238
21.569221310292285
23.17746709233219
20.903387734828474
23.2322108815445
21.49202156315052
25.393835614990383
24.88573419980309
21.73751137601492
22.25506443378316
23.22884784560126
23.94419106325826
22.529698208673075
23.70831002946541
22.590953370406847
23.222849370594158
22.04164719919015
22.80639421919482
22.891024076495857
26.26969521553624
24.671449798981463
23.369250640404065
19.99983860830598
23.74339749961445
20.927398595520565
25.943839592424396
21.688582556276717
24.47825066518654
21.428283146739837
24.31119454818456
21.834722948059913
22.450141235913545
22.30507446499355
21.507653494828347
23.541551003998496
26.408692717445625
23.23076275572351
24.521686071077834
21.280977846359807
22.022221705416822
21.538916299210417
21.753036576923964
20.751784466588088
22.637433058366383
