24.45655791079366
25.80104196787337
24.35234462069468
25.876084870539156
21.87762264379181
23.25758242017803
23.36279012895169
24.4298909645786
22.427314585832402
20.391670952004667
22.204181712123734
23.46823787600529
24.722307874092415
23.05939994173056
22.920049781311793
22.134676649084323
23.009405850822876
25.861804897961214
24.084187076567847
23.009587448581375
21.530819692055594
23.58477393588687
25.279679333650872
22.463596085586413
21.203482895026458
21.16765564051383
22.83769517243952
25.63508607138995
26.294027892605442
22.830617736639507
23.89629395310209
22.945467666034272
21.656025741144944
22.503270745638734
23.107964524514568
20.68528838913381
23.941815707027178
24.628524125867575
24.13311840724601
23.593304274397283
21.20994772868518
24.19938096223819
24.260817683040464
23.43126029667044
24.486524865523677
23.258077109038034
23.470219325021404
21.452481491898602
24.636682372262285
21.2216885731655
22.81607672099762
23.145433201196276
24.55506443874401
20.368930927385108
21.51638132982173
22.514017616327546
22.71547474106724
23.998575690460278
23.609388389331286
22.643749424291013
24.254099308294457
22.69681390339931
21.96231349404133
21.336930460853445
24.43821233092645
21.5841619067446
23.822431907687825
22.197490079805014
22.48122386321057
22.27476794784784
21.662804030813703
23.65347169868588
21.015807702125894
21.530127218734762
23.468944915883874
20.94651800161589
22.243783553483873
24.72618041359461
22.785325642133085
22.67028282770425
23.57447362588576
23.754794657788953
20.8725416633259
24.674207206132866
23.906238266751842
22.58873886362148
22.65070253758241
22.933201971704143
20.25148514465783
21.494258078275326
23.303850326192908
21.36806658610511
22.1635683288584
23.715964449891025
19.98970725628534
23.834956449087
22.641195119769733
23.777888277918073
21.499124899399593
21.468294796576227
21.64257057850908
23.7672600515794
20.69740803189994
24.502042947944396
21.857876438831617
19.07171604345048
19.18864633899763
23.915171879211794
21.917361082082465
24.04535174233628
22.848763392905205
22.484356438116567
21.559822757184143
21.684574340131753
22.094499143573398
23.827994673791533
23.703166147745364
23.819881348124007
22.883915816084084
24.641387597777488
23.08033910618891
20.81521888881691
21.643620398987053
22.21892359656766
21.061773466377673
26.412093503075894
22.437742882361793
21.99069486991551
24.389094068312904
21.34352128459367
22.539859802999697
21.237755217866148
21.63853418240236
24.261075600885214
23.794816379286537
22.568993617499842
22.087322715358088
21.815312257600876
21.49590471435724
23.687070107198466
22.58669479890596
22.102519369648743
22.232343504681484
21.196980594985256
22.225743781071188
22.77054809990324
22.785750121532057
22.657345878586767
23.539405414986277
21.99593023562469
25.50808968751377
23.341226967684676
21.849112606375318
22.029990113431513
22.50908195658033
23.812416997420602
23.027325428308025
24.538748525262612
23.90115519654172
22.100591417788383
26.164127041648694
24.978608760223967
21.099565408699952
20.250467587469515
19.988314721201526
23.44367744054157
20.473253380280372
20.664082415615688
22.41237939552454
22.10598585071046
21.717748307292545
21.952747869207506
23.63628633442701
21.638307325100126
23.212982407282276
22.805781809235786
21.885120364549802
25.73568902914313
23.92614328995785
23.04851081247369
22.281126483001973
22.549178101411183
22.277393168896836
21.437604738414002
19.5038482909519
21.672418587378885
22.098704176462366
22.12661212253161
24.487657219742825
23.642355016129123
21.91542034248438
24.79487066153988
21.97870964066683
24.68686254406601
23.1656609394048
22.27787220198536
22.71059542653366
24.677438760736532
22.34621272844449
23.78609332823021
24.594025287924676
24.460569505121544
20.815250186474582
21.93744175735391
24.649595649857588
23.04485087653965
23.142022939582652
25.06507423460237
23.4426703932697
21.154314388917925
21.246613813763446
25.232602171263675
22.76463660330911
21.963765465048336
20.968657450497545
22.370502727222643
24.117828906184684
25.04967701124575
22.92611122992935
24.024914698107303
21.95335509525543
22.40998758279111
22.185960383465037
21.903079397521353
21.69288698372271
21.500668568233547
22.22054886683516
21.98561369868969
21.118397448300907
23.32094501301856
22.703651595479933
22.42107427995398
24.254350656431242
23.6488825607932
22.234382175522924
21.59621759952495
21.723142066787304
21.95345791872254
23.77843557322637
22.408724748408872
24.79528600309355
23.33962281605839
21.07201195282299
22.636667385771776
24.47302041485749
22.145385955987255
20.944036742294614
21.921739453255235
22.968289255161466
21.463779919885127
22.35769864921698
24.16600779625067
22.587285454176197
20.97426938331283
23.235416016537762
24.869399919136338
23.94275761691465
24.65412581676664
21.081179516771122
22.66231765103126
20.65373239004273
22.656508930173587
24.436809198508527
22.183954417582182
22.365100687516478
20.88427396930411
22.183659151259185
22.20702791276009
24.069674579192217
23.19810471593423
21.331312356782586
22.543270668495126
24.582794756073028
20.92907435458325
22.837212836647478
21.612432956275754
21.919548215025614
22.14499885040093
22.074466890697803
22.438215832303925
24.884574055986498
24.268494542578747
22.8630008688744
23.92520878179857
22.405402693290963
22.803544676681074
23.206645103547075
22.890582413341377
21.5816108408251
25.44276639075323
22.461683322052394
22.876498209676015
24.64415814887393
21.902268813447275
23.9756420854416
23.51169658856308
22.347529661774793
25.250570142326882
23.340556949501863
22.04699076712668
22.38893739993835
21.032755311989074
21.82928425830022
20.119429524548117
23.824299873837585
20.957507302590805
22.913784353870252
25.60942338869956
21.373653835290646
19.399244507713533
20.254113422071555
22.762416580772808
24.31937640040564
21.101466788791956
21.99040646614998
23.339230150839217
26.002921878739816
24.350079987883923
22.64757320197667
18.768118933301636
25.165082283631932
25.46137256106658
23.692515092466333
23.20043816225811
21.92218460064463
21.008535885173387
22.252607491912872
24.211747551416405
22.852273151837718
22.025819320416222
23.38982442113759
20.270282417032004
23.280190385986295
20.32698308384013
24.931124476619285
24.51961565677279
24.67889029013976
23.978967618589717
25.14702421048217
21.97000119162113
24.234438265338397
24.094317007751805
20.750553541029834
23.46209699385231
22.987055150891493
21.37201894042555
23.449075897795964
20.734172071751146
22.54715225692389
22.320915251367047
22.47451010217103
22.695737617219173
24.62715373992316
23.05769357153397
20.944839901445516
22.426460809223723
23.62882506447593
23.00368368724808
20.15823467879931
23.936718799979882
24.283920236775096
21.285463081410622
18.095542943084542
24.259869995523488
23.462429500661404
23.231669996464994
24.60766077821876
23.157700580452854
21.13610118027372
22.86077432886807
21.224134925018152
25.849839596584744
23.26937486996919
22.103406952808086
22.636712570400356
21.867561327621594
21.25588272556715
21.708311118870718
22.563407475550044
24.057930442190095
20.199489582435692
24.896769075045682
24.412028024329338
23.00312825782996
23.32827405342344
20.7704001710084
24.39094433554536
24.167329635600833
22.729428128031305
22.770717684868934
23.293938932070727
21.18601049589225
24.559012911371457
24.443714987648566
24.287863380571423
22.941359137798983
22.58467853480179
22.065861192511445
20.53725947546161
23.11212993161951
24.947269399464084
21.79895118386275
22.99657058626057
21.564870263555502
21.497065952925237
22.498140360046992
22.79120850577789
23.36029864427487
21.516552748198162
21.15075584002519
21.984079551972172
22.826084952512645
22.045222235454926
23.017818701508652
22.36532788741121
21.79500980177835
21.976371994138933
23.26494635204693
23.051339985120283
23.767195584957395
25.127151411537547
21.796658403004578
21.756441316060325
20.942905382637726
23.709265223751906
21.661443413818624
21.103178137350376
22.709258558181514
23.07779642190221
25.44724585984219
21.24520935541379
22.961480188671956
23.516353673824664
24.325384348554127
21.78332862201503
22.893842371211118
22.007983218942158
23.727813594419693
20.944537196969566
20.80149889991651
23.087912519843517
21.377897706400994
21.312287906317238
21.076892736687313
23.325603484658746
22.808590669722673
25.091261629959902
21.269172999671564
21.031538049756463
22.42595252941504
25.07843719478408
24.96523496104801
23.80023992832022
22.90574383688545
20.944912500230245
22.68807041359786
21.883603008512786
23.158718500756123
21.300679884872732
21.329273386108774
22.501475501824533
21.78880973027515
23.455355148493684
24.845013926502027
23.70363383723828
23.92742287024311
21.66582148867901
24.86002130730503
22.781753122283096
23.604256669518172
22.802118614321497
24.96264424991046
22.543795051488605
24.602576713952413
26.164772465645065
22.03378792562173
24.224596153408534
24.80303299246727
22.70336428830346
22.19338777152189
22.332607287413015
23.488568236425394
22.3378651339971
24.002840431170593
23.105219195435243
21.386665490434897
20.039030665487658
23.77568281301884
23.649259884595807
20.90482230302171
22.806793754744852
23.611265879996544
23.283986162022302
24.086923905506346
22.0847024958381
20.511816273729096
24.275262366093312
22.4388176474664
23.703649143948216
20.07698712887714
22.865976219576446
22.417998143179382
20.985290851743613
23.316219957860554
23.848223309334514
24.058441690461475
22.73213189034104
23.19984889712587
23.03679617003428
21.346215983108372
20.79049485494042
23.42040367819986
22.838065925154954
20.413873092405847
21.988196967143615
21.68417385776067
21.641420892823678
22.970541098246017
21.345726439953733
23.377300176649616
25.253446105024068
22.316518363935746
24.109084682735322
23.037709381506247
21.07413239752383
22.582257765475674
23.85958447230772
23.0457472600211
21.83565642192101
24.109040926415695
22.228668814308147
22.981827488595965
23.557008439734332
21.729492308134137
22.617788109010778
21.179242771113866
23.067538208267635
24.055538782890178
23.114724707807806
23.075186442152383
21.954674310721177
23.018778163687852
21.385263141694036
23.278814925625543
22.25391474984347
20.807935866225215
22.571937581367845
22.020988968371075
22.025998569177013
21.879094488604583
22.809926749081228
24.378926741827037
21.597616664317872
20.71590142534147
24.77246879727416
20.957463089202395
25.1959781587843
22.050750791734924
21.477468143846604
24.068196347810506
20.829958299827506
22.58576864696219
26.586315806255154
21.441076886240317
22.770585381016083
20.74480317862474
22.308559448209476
19.99797783835527
21.349250163147648
20.90987460164058
23.16923006365266
22.225231063809517
22.27355122420379
23.343899535425635
21.563610961541926
21.654483732548755
23.429675779607283
22.887752314947228
23.61949337038707
24.065610926268963
26.67014782507508
21.754069077666628
25.294261207912943
23.817169589285207
23.267952020478457
23.763974287478803
22.102057932026714
21.95249459018718
21.314689878794347
22.321443231577824
22.830309114686017
22.156058870912027
21.914955731574853
23.05135889695807
24.45717049796443
20.72727314868347
23.246491542305094
21.59927169410533
25.139879523541186
23.28207812815191
21.64932743909706
24.90669525705697
21.4513149930326
21.115850240383924
22.537746515646614
23.089029422760103
23.274731694981604
21.85102980318389
23.328400905605797
21.453506489721114
23.170916640490358
24.424369879842086
22.347983418667756
24.63472868302255
22.222476906143683
22.93240097246468
25.806225546566964
25.64741612952218
22.056987546342427
22.77420212134383
22.812126651703448
24.236635316935892
21.836005743857047
21.93545954618615
21.035868312471653
23.850228006536522
23.984130099105588
25.98402494351865
21.698968959138107
21.37057675772683
24.295644161969815
23.64458906946148
20.790090528139512
23.713354226726516
21.44237734599968
21.830368905682203
23.489468717558328
24.198890803535335
23.404703692811246
23.414036311043887
20.84314331251587
22.94457692819891
21.61505090055236
21.863919030812323
21.966017542414274
22.15860836455078
25.283966247035586
21.915492690359994
23.603157289859695
24.437767723417807
23.746853109072756
24.930899703730987
21.816259810123512
21.060656680812816
21.513329975382096
23.21870648321556
22.27645461284077
23.125430611846003
23.68121541070984
22.476520550345295
22.621504438812543
23.6347739095564
22.725084525614744
23.095536329433788
23.79701740017457
23.364110583082102
23.80686029377127
24.31640155796908
21.879094015313367
22.338837152063636
22.75565185609316
21.55339329379858
23.24076797488693
22.87666183285025
24.634946548272612
23.76601552682375
26.36410609859639
22.099643631194574
22.547341532201493
20.77114313899518
24.029791352236952
25.594280193597914
24.437620575230238
22.993487767133622
22.42661343715416
21.104543122561708
21.66098212472424
23.077167465585262
22.44464682254298
21.91416658936845
23.274389450870874
21.333118807748537
20.429341285178197
23.705117135406073
20.357487759303023
22.003761316481143
20.131073793017016
23.144624396545527
25.205445642793634
20.05835784220392
24.526744718908326
22.597202155170123
24.428999462896208
21.147764895726734
21.464255063704147
20.831129041816443
21.928580175738958
21.484749922704147
22.09074290552941
25.974512226396232
21.106240059395308
23.091554100062154
22.691033105747337
20.58874104090021
22.45481029594632
24.91169771033723
22.835365273107303
22.775061661482635
23.49585467006509
22.577395182684853
21.85486873781271
24.04453174552183
20.97465852582151
19.875047073402097
21.133124329143588
22.457695581682408
23.603926679408644
22.429400360467202
24.576270193280035
23.66358337190579
24.572412609904415
23.17234430793998
23.069780475569544
21.863932975660116
19.73033654608922
23.415908162046026
21.507571178651567
22.89399215775267
19.80149496187092
22.679867747351143
22.833000293497427
24.464483847994167
23.78790010643878
21.311081755978776
21.200245329549382
21.065707190901968
25.078499633827562
21.301903480822393
24.198013860879758
22.18342942301753
23.769003380178326
21.68236524535186
22.98103008465907
24.026618989997818
21.651608173537845
26.191794433184647
21.52717992923561
21.286944115168495
23.868544792847867
22.745816540425068
23.296815399484913
25.15170442497775
22.875970377701467
21.024416121748793
25.375741537624776
22.16128475855578
22.485613147103702
21.736286027966596
23.47869660230802
24.127668482478924
23.36045004921976
22.698997431245907
24.44267183476213
23.111163489619194
24.200963836451372
24.20550064674436
21.560623847217595
23.27935090399268
24.168064553379875
23.31605809434882
25.472504706576377
24.798133304725553
24.007387416152998
21.225784242947423
21.034464560640636
20.97998812128521
23.507998670990403
24.87948958621921
22.785812868297143
21.903199758678152
21.21237070461003
22.51573083578957
22.865499369545013
21.666064108510295
22.58325070005097
20.942775707806067
22.17501724696011
20.70550244966069
22.0968214455685
23.8877171476873
19.594975632455014
21.244495673540236
20.438178770028248
24.23001492663456
20.720178668230286
23.31534223988347
21.1137093106274
21.732983736264114
23.667543445802384
23.666805802584445
24.221392241131216
20.218912553738242
23.177105604469016
26.25743114084413
23.295701699905017
24.382664988736472
23.145605223738286
21.888218445809965
22.136181109972306
22.85838969826588
20.44192334579313
24.697361040124388
23.37684357692368
24.145356723897816
22.201716775825812
22.361951179573722
22.985157378887195
23.472332506297274
22.898567232320058
21.061092929561646
22.901054528948123
22.886951310104806
23.044360202594333
24.06264813756251
20.86507823255187
22.011648064777777
22.10911414612638
25.716412511611992
20.05741934286088
22.963773020373733
20.442639735427996
25.18198736545382
22.209953515694483
22.683700187738648
23.538642820895422
20.627006960911647
20.048738923243164
20.723540377486522
23.030915338896715
22.0467131711494
23.32480443371032
23.18775187227337
24.26277091774173
22.746032106186956
22.309076744741926
23.730876189428113
21.686125848999477
24.31578313478576
23.811623179363362
22.57618120750556
23.72436789166916
23.721073398911194
19.75593117216409
22.705659707748193
22.325487712349023
23.393518715249154
23.426868920699903
21.94631715928618
23.661511864750565
24.4376733292112
26.123908035418726
20.478283797171418
23.10960954749961
20.59691697441246
21.941005687841095
20.906629841493086
21.519024857054074
21.578195576936015
24.065969719950896
23.886895126917455
22.114605495972746
22.314490389152002
23.854190196506057
23.140356230840915
23.164155882687133
23.71479064554502
22.54691138281565
22.5012962790035
23.65984794770794
23.370203941200824
23.168721686680694
24.204940260926396
22.10811277868246
22.45674697422778
21.65969349084507
22.710497959346373
22.80746994198107
21.40474983360079
23.29845960586354
24.230166149956453
23.323431034520517
21.002080102167067
23.07459674668222
25.291617960952237
23.69875149608176
20.081526088332268
20.969168272006627
23.216941002800894
21.577737661778254
22.384268976040197
21.221402629274365
21.48254545904951
21.396089942033576
23.05876858597398
22.577147571099545
21.421198401845917
25.819985561627327
21.502735386376305
23.161304927933756
23.57307502932818
23.108119409501295
21.39054193625297
23.246261260544557
21.26606817409791
21.94556023943236
22.32374681799406
22.88488751775194
23.688773737367455
22.00940177589608
25.26931640525828
19.88939551287086
23.67778661245897
23.73958977079893
21.9441353789888
24.751323165489726
22.11040820300469
23.226979181224767
21.22057431301782
23.26773782872541
19.783532034459167
22.269069451698353
21.644672435545957
23.946172295910188
21.65693037204352
21.14472090916295
22.260126195059055
24.840396560579464
22.895068208995113
24.079124724397776
20.514745466701562
22.73292589963888
23.32223541381096
21.703317101019255
22.3373428825102
24.47670901076325
21.918405514579057
21.60249174398079
21.679547937707596
22.435976382142115
21.36080941498915
23.002961973231074
21.951160764456425
24.578284752829955
24.29456331691296
22.19980883927232
21.718793372836885
22.8073204800796
24.96136967163888
22.438773202161002
23.618605062121674
22.877301286493264
22.5791998054592
21.02428471334479
23.082941261236428
22.73283383531379
24.908896018943445
23.539109823291103
23.019459712594223
20.11768137549024
24.09755899022885
21.4404206429546
24.672523522752147
21.983953241372063
23.788323041575037
21.08410549262551
23.29114812371381
22.476590620789427
22.982785023715596
23.180286937134056
21.603424640653234
22.74197759234367
25.861752654453685
23.136420125148547
23.498424094346284
21.190804515001794
22.374808375059626
21.455672805751977
21.444975045593885
20.50719966496745
22.664785451759702
