1.3835459067971025E15
5.64570651179132E14
1.0657315357799389E15
1.4252889260950995E15
1.0124187790437085E15
1.0810541466815865E15
1.3548135667354892E15
1.0346365225695601E15
5.2646211454167506E14
1.1981246010171498E15
1.0035506044917442E15
1.2048760345974315E15
9.171836269308886E14
1.0569580884931706E15
1.3451096233647488E15
4.7765400712497256E14
1.2034717272252835E15
1.255470845902989E15
6.721564106119992E14
9.752602640598185E14
8.222497240385816E14
6.542691769329478E14
1.04747621450506E15
8.527455705375415E14
8.076832597560798E14
8.923877008024946E14
1.3511682062621608E15
8.40669459721181E14
1.1327203258676708E15
1.0383350764859404E15
9.294809440864778E14
9.693344031454595E14
1.3225966391295962E15
8.012024597922145E14
1.2727797521204968E15
1.3543736459844725E15
1.2426813333180082E15
1.4354825879813632E15
8.53318734253313E14
1.1916031345725335E15
5.080362201838638E14
7.373009700206376E14
4.722913635251622E14
9.415343498075111E14
1.2191822745750175E15
5.2627885704497244E14
1.0501157042350105E15
1.0653257894151679E15
1.3870657506493465E15
1.0391165594525874E15
7.578843249180972E14
5.726542140645078E14
7.503437378403121E14
5.671097177120609E14
1.400588499909627E15
1.3991025723476548E15
1.0799188485964591E15
1.281491181132687E15
1.2835462868778445E15
1.4364746560620512E15
1.0686435916234289E15
1.256341379195697E15
1.1203007208366628E15
1.160323105095013E15
1.0299953992876205E15
1.2670981283500702E15
8.354519549281412E14
1.4186112043467622E15
1.142038202389302E15
1.002869683149758E15
1.2056085232368882E15
8.67630097412283E14
8.875716914812178E14
1.0679816806771942E15
6.565170820894262E14
4.660515365870745E14
5.2279090333825706E14
1.2639722409113312E15
6.502454781736575E14
1.18191480567938E15
1.3591440154087765E15
1.2376614530433942E15
1.2668089013395578E15
1.179014714009782E15
1.0252099427708035E15
6.490417885842579E14
1.1904840359268372E15
1.0384615475815934E15
9.562926012956955E14
9.873782193383329E14
1.0578298229570016E15
6.778632977901479E14
9.76225288350039E14
9.706361473816924E14
5.261682499689554E14
1.2855451209028672E15
5.293254143633531E14
6.861971658386725E14
1.396548322121927E15
1.213290324436798E15
1.0554966600327964E15
1.2736680871084995E15
1.0401740259326359E15
9.801167560925201E14
1.1477529249739082E15
4.840350440710805E14
3.768026445735589E14
8.058567502551792E14
1.4372832135151138E15
1.3269643402992038E15
4.966467578435693E14
4.712679909590026E14
9.877246879830954E14
5.5142257543732856E14
7.454356537362824E14
1.395335496580607E15
1.4085561667493055E15
8.062543089932721E14
4.5975435503541706E14
1.0998275189739371E15
1.3854530813868305E15
1.175183387650332E15
6.229354054108259E14
1.2934518538833925E15
8.685787003605736E14
1.1304412809857388E15
6.998416950434929E14
6.159355911104822E14
1.1778926346816808E15
6.722511750624559E14
1.4220232432079888E15
9.113652721528082E14
5.963516099745746E14
9.787183846731131E14
9.138620023515628E14
1.0884494182393509E15
1.0484000346162424E15
5.84154092084773E14
1.1909669641299788E15
1.3609840624182698E15
1.232709460095768E15
9.900597386671686E14
9.461600382439465E14
1.140699876159943E15
1.2843240498016555E15
1.2393793253302785E15
4.661295836193837E14
8.64114345684755E14
1.3363153193215578E15
8.552766330692426E14
1.3725551013027405E15
1.1153095572507654E15
7.196069176136771E14
1.2136674702419162E15
6.452240262232216E14
5.387331507669296E14
1.345998989162222E15
1.0717782883417645E15
1.205833054253318E15
1.0301274369103162E15
6.976980287782916E14
8.387275322735125E14
1.174540066254878E15
4.041147483083528E14
6.12395069502551E14
6.986636904398956E14
6.327200971545514E14
1.3383098141305568E15
1.444567499273454E15
7.828067810327258E14
4.7877154710005E14
8.911364423263168E14
6.727539146873225E14
4.5047369079568944E14
9.302593494954644E14
6.882185207441826E14
8.837643017469645E14
1.3186717855990442E15
6.253002934921106E14
6.668053745912866E14
8.503367927292255E14
1.236191020899533E15
6.89654412138126E14
5.906458984541539E14
9.643780164166408E14
5.375739830148625E14
7.939924315606802E14
6.839961459786554E14
4.8055969711302625E14
1.1308597042087005E15
6.940303804180782E14
7.269742013945616E14
5.157677532959964E14
1.0679238164211434E15
1.1449439469263065E15
1.3049257636853635E15
1.24361270085137E15
1.2569983715375785E15
1.3620500597721085E15
6.818140818475062E14
1.3228750836164652E15
1.2199324158008508E15
1.0806447494501222E15
6.076767131986468E14
1.2370193554271725E15
4.3842205247005144E14
1.0980130406730694E15
1.2777731907337258E15
7.82482645700427E14
6.623109122076996E14
9.553656317412702E14
1.4422785215495225E15
1.2308256370245452E15
7.470574317598205E14
7.857372666147874E14
9.181023635611399E14
6.687353524251545E14
1.149305566249869E15
4.6433797094999944E14
1.2317709696442472E15
4.723537144803449E14
7.634219646131304E14
8.569433045806346E14
1.1140553089434131E15
6.944654434789355E14
7.369269190593858E14
6.446106667312728E14
9.19063580740271E14
1.0233474777232031E15
1.0888465964615461E15
1.0847531709179134E15
8.39236781522434E14
1.1398700418623275E15
4.6830384602454394E14
9.282578589522515E14
1.0672330831038319E15
4.433591189971454E14
5.4861956105813456E14
1.294507357890108E15
1.140636345614602E15
1.0865846597731838E15
5.132049121202271E14
1.4152225844326365E15
1.2502973464465202E15
1.265106206688684E15
7.629281593533112E14
4.742529257768292E14
1.102803457101316E15
8.072427332445864E14
8.800503583149779E14
1.1255770768620068E15
5.6284145202852144E14
6.952328910044894E14
1.1503972267650885E15
8.886169631469596E14
6.303949004197409E14
8.454650110958349E14
1.5002384775501892E15
6.111070608252265E14
6.874886030776961E14
4.299016456359545E14
6.843784724756131E14
6.984700192816212E14
9.456542977647672E14
1.3072180680861145E15
1.327232436771171E15
9.461948240204689E14
1.4285724085069522E15
1.2238684778283965E15
1.271173362939907E15
5.606229689878629E14
9.098860862256435E14
7.592043034626472E14
8.867091238066124E14
1.0964334845938226E15
9.255267902028714E14
7.671591064838611E14
1.3593679563584782E15
5.697496274294124E14
7.747477708936595E14
1.475860805524436E15
8.781464579354602E14
7.071850455312806E14
8.961278483601122E14
8.007858314114334E14
6.778718666359066E14
1.3628937490653032E15
1.0978452726340781E15
4.221811751916409E14
1.3095076096223505E15
5.829740414799221E14
8.895624331696434E14
8.037958037969371E14
1.2766216374303068E15
6.168186393374674E14
1.313266758801992E15
1.4372588621731555E15
7.244564402039744E14
4.711525245048294E14
6.145625102282265E14
8.093109037816919E14
1.027521901315182E15
1.0182037328289559E15
1.2289808924210438E15
1.0877389632577711E15
8.578166652836021E14
9.40428036920659E14
1.2335562190448798E15
6.657341275348956E14
8.341590748847618E14
4.0792123131620175E14
6.802231096405692E14
1.4662587885406508E15
1.0293169610095195E15
1.3249841834344552E15
1.2086734851469632E15
1.1690262636651042E15
9.925225479861792E14
1.3591738132191995E15
6.531854775246645E14
5.129787914343885E14
9.288237073297314E14
4.981975879542646E14
1.0194670755995766E15
5.21194290628989E14
4.5198488691270444E14
8.696279180358985E14
7.475061151406164E14
5.888802268305862E14
1.2902820487346895E15
7.269052912554439E14
7.84816130475651E14
8.483607755669452E14
5.3186349698556706E14
1.4759999662403842E15
9.223872970430734E14
4.986237365133606E14
1.0007514538569186E15
7.305064586674846E14
6.69854816577082E14
1.0469395562079119E15
1.053711522441183E15
4.859636798846749E14
8.920956667178071E14
4.6250187941319156E14
1.0755759139192672E15
1.0465729891728576E15
1.2188716286461622E15
5.178641441070279E14
5.552389418160086E14
5.98485786993943E14
7.362860074906189E14
1.0245663735307621E15
1.3646241650332972E15
5.215640088217812E14
6.822818420712208E14
8.203083905270079E14
1.2710132700001122E15
1.0235191650969578E15
1.2300742015785848E15
1.1759299269986888E15
1.3210852860970535E15
4.3061751430401906E14
1.3774725723382295E15
1.153021701127498E15
6.644232545747491E14
1.3495285312852608E15
5.493909568571072E14
4.2862976456902606E14
1.1206581469709911E15
8.267522723637569E14
1.475046389445815E15
1.2078193327891885E15
6.941715549294784E14
9.528280490082094E14
9.094989066148499E14
8.950323372200912E14
4.9992242549123494E14
1.2449597476089618E15
1.0611813305522928E15
8.46456571532789E14
6.707029185002342E14
1.0559434326886955E15
4.892118405254169E14
9.75213350379184E14
8.303109328014051E14
5.4484944106129694E14
1.0659979248957692E15
1.4226506405332755E15
7.466331501795561E14
7.364402669542588E14
6.042241114719545E14
9.264418002650949E14
7.089751530581365E14
1.205497452679641E15
4.941164152929725E14
5.73490431647468E14
1.2474710288091588E15
5.2052890018312075E14
1.1964208902261772E15
1.42807604879724E15
1.030050958723671E15
6.586824826025128E14
1.4165323202252032E15
1.3741436345861738E15
1.3951547320778478E15
4.808702881216139E14
6.56374808850103E14
5.4606748921357256E14
6.476288753298444E14
5.6072508505185644E14
1.1910079457554855E15
1.0207167320880555E15
9.708188441611204E14
5.909425511228954E14
6.650009223017016E14
4.3124924418760794E14
6.296393615229939E14
9.235855314017791E14
1.0301048947403486E15
1.0480758752908389E15
5.892311034349221E14
4.94664283577574E14
1.3833093643961715E15
5.022536979014827E14
1.1916772096835598E15
1.071155672484252E15
5.1440850202036025E14
1.433316201355408E15
1.1666133534102812E15
1.3841629354085335E15
9.130891041343014E14
7.109046868522211E14
1.032631959952126E15
5.3847049949870556E14
5.1587622271075375E14
1.0527849023533595E15
8.576497792215789E14
6.484474463305269E14
8.195790051781469E14
1.2441696684227718E15
7.080415986308412E14
1.1060707121594382E15
1.1692066355601802E15
1.2073572315278828E15
4.477366355615581E14
8.725547400879866E14
1.0624826911023756E15
4.548069383181303E14
1.0121065099495944E15
1.2205082187596418E15
1.1956683816900115E15
1.3039139985688725E15
4.570862092676406E14
1.0461478760007455E15
1.237743310486933E15
7.061504730358218E14
1.438743187781412E15
7.369834647681598E14
9.779300219987606E14
1.3581521284620745E15
6.183200222138926E14
1.437487495032671E15
9.185191602908812E14
4.858935432004531E14
1.2049258973958512E15
8.323435439081991E14
7.505132541581144E14
1.4199113956082395E15
1.1174452746071246E15
6.342775236630271E14
1.0952950656938416E15
5.914145578379008E14
4.9489348452320075E14
9.114100213942855E14
7.435020099887219E14
9.342192801663351E14
1.0265615703389181E15
6.544207746880465E14
6.258721351081319E14
4.299268843226667E14
1.2402789036151558E15
1.327225737672765E15
4.7999524200985475E14
1.3285837047191125E15
1.0024951864014786E15
5.332228140876268E14
1.3909886410934615E15
5.171396192444359E14
7.216265475090721E14
9.910221029093281E14
7.895962773582744E14
5.370784980005018E14
1.3462171673203208E15
9.565494123808916E14
6.243572519661955E14
1.0232407296819681E15
9.071972618180955E14
1.1035980417390718E15
1.3066888153335188E15
4.995469264138977E14
8.221004367275286E14
1.2662923290120525E15
9.16198868271892E14
5.6113057712016606E14
1.351201576260091E15
1.1099033432110211E15
1.1166356497246655E15
7.306838559405449E14
6.739170984910484E14
5.2679655394272706E14
7.256115758253291E14
6.913674122487582E14
4.7404505324574456E14
6.156133239195129E14
1.0208620775933645E15
8.264273929970985E14
4.67257460381656E14
6.217365030088936E14
1.3328099854188035E15
9.865268328499842E14
1.2744815873315872E15
6.522236362305148E14
6.422701373679788E14
9.912177104441708E14
7.546257601193609E14
7.399572999629251E14
1.2577002691207375E15
8.274475849867206E14
1.0708956320770456E15
4.9083976139950594E14
9.590142010605026E14
1.3684405730103658E15
1.333611830556596E15
1.1242518748874175E15
1.2053782240188878E15
1.1195155866183749E15
1.1183246748446576E15
1.3236728626836305E15
6.964552177880276E14
1.0170236048343146E15
6.609969506642196E14
7.343238844742532E14
9.190730237323438E14
1.212195059007405E15
1.256411362847141E15
1.2355239808714365E15
1.435365985971518E15
1.2932376176576262E15
1.377227486531633E15
9.155234276225589E14
7.280960940695016E14
8.848733595156039E14
7.82533485712525E14
1.3693762168429E15
1.1609840563600548E15
6.892442547828571E14
8.888675784632958E14
7.583618040042032E14
6.056961375487091E14
9.037075772961359E14
4.744834391364472E14
1.1055827331172874E15
4.147975152657262E14
6.156767145810124E14
5.3668741126088275E14
5.6233691668719444E14
1.1520635906271158E15
7.085942081931389E14
9.04482235487004E14
6.846808445885152E14
1.2017015132980545E15
6.479617203149788E14
5.4520736688643175E14
1.1553871076698462E15
8.863786729731426E14
6.977033692642935E14
1.1416779307742252E15
1.1679241131420235E15
6.523625054646951E14
1.1514495865852388E15
6.694883782144404E14
1.261083990150983E15
6.366823862454151E14
6.208537695491972E14
1.189463257075868E15
8.569503427210936E14
1.3671137394401628E15
9.73338170434744E14
7.649246945114E14
5.704468056973901E14
1.4298376594451522E15
1.1267513418193775E15
1.0348576327841851E15
1.0267511098762871E15
4.3178246731633175E14
9.231870263616536E14
1.0612154670583309E15
1.4370552991952252E15
7.121769457656868E14
1.424283909808455E15
1.467468115383516E15
4.432737025853855E14
5.675017552810759E14
5.895702159533622E14
1.0091218863869629E15
1.336531591114916E15
1.342151424444509E15
1.0214921008996058E15
9.791893837739316E14
1.0089554892887261E15
1.3098571438235752E15
5.008651682153883E14
1.195172999415592E15
1.2477164107248675E15
1.3217657263175002E15
1.0301877922992071E15
6.470444936412431E14
1.4211655702901008E15
1.1502080353088305E15
6.826561661015129E14
1.0618905699517202E15
1.1964133331180752E15
9.105434009819329E14
1.0113263565043089E15
6.348455634411524E14
7.85254396624835E14
1.0944810075276786E15
1.133198316225094E15
6.379287401067421E14
1.4155264327472165E15
1.144492182225623E15
4.3254629000590206E14
8.995861560793915E14
1.215385386223787E15
1.0955878756895936E15
1.1771731709319612E15
1.273141693689133E15
1.0518263517688524E15
1.2123267924646898E15
8.891293093942411E14
8.486856611137058E14
5.1348298294574725E14
5.1640449530298575E14
4.773586636731103E14
1.1871599442842162E15
1.2906121264890115E15
1.1731757053141185E15
1.351162718216362E15
8.659562317265349E14
9.746061925278516E14
1.1254463431270494E15
1.0196705003281089E15
5.406467151515887E14
6.475434678665015E14
1.1845153421565948E15
4.415184349485784E14
1.4274887540771505E15
9.022114267365665E14
1.4014583694067908E15
1.0238277026731325E15
8.814273269491861E14
1.3222703046190462E15
9.639561211321206E14
8.661110676439434E14
1.1256905248555676E15
8.562126770936146E14
8.647281847640398E14
1.1116604747612558E15
1.2113162254888022E15
4.963369150508378E14
1.1546285969420475E15
9.336159459130699E14
5.361437654784788E14
6.867577558086716E14
6.915106936301936E14
1.164247399447576E15
1.2336414346761725E15
8.683253278320585E14
1.2596661887936465E15
1.139040661034902E15
1.420411804867637E15
1.0713569587571315E15
1.1119520176350988E15
7.217149957288771E14
8.889147810588992E14
1.4110910218279382E15
1.3134961396822325E15
9.136785716015034E14
7.982709268653896E14
6.615367813100884E14
7.16206483403397E14
9.077806865071192E14
1.1525942925791508E15
1.0192543924290926E15
1.0927794555591114E15
4.253603524557231E14
1.3457606312094452E15
7.848068397022922E14
1.2459415696074538E15
7.829342531760605E14
5.629547534635509E14
1.0558148268051415E15
8.299392031987608E14
6.766355132972228E14
9.136129368524836E14
4.253760025635296E14
1.2083370894577672E15
1.0621731358026361E15
5.464224338217735E14
5.68333731361476E14
7.178207155000466E14
7.888864479418212E14
1.2085976045441072E15
6.699104206161125E14
1.4831795336376655E15
1.0473332884556781E15
1.0482722980981861E15
1.0790467062258885E15
4.891562429828279E14
1.438825153043349E15
9.50585910274843E14
6.001141070750548E14
8.08349438673984E14
4.982162271637117E14
1.3597084151813032E15
1.069845314633226E15
5.849387149625038E14
5.64259713420644E14
1.2835819718491872E15
9.562580068593854E14
5.201099734048034E14
7.123493285176986E14
6.454239643174172E14
8.02306481928082E14
1.391561468919611E15
5.368115817658496E14
6.666871791863144E14
6.451980576752595E14
8.720677664261721E14
1.0872586965211175E15
1.2771256580693075E15
1.2234593107766872E15
1.154525526293356E15
1.2392607186801022E15
1.0298620771960414E15
1.0006375222978665E15
9.069317792797224E14
1.4439535232229048E15
1.43533122985468E15
6.655587245058022E14
1.186417847541311E15
1.4395435260708435E15
1.2856273858506105E15
1.1978409475215175E15
1.3046166434742945E15
9.17005102441212E14
1.3210826338270012E15
6.969835832892406E14
5.96454045975594E14
1.3030859207040472E15
8.755023219643249E14
1.0950230506387384E15
1.1244649508879239E15
8.149228203850405E14
5.0260814577028044E14
1.374857836366795E15
1.0174375879255605E15
6.122070759903331E14
1.4487696970099698E15
4.919919243830805E14
1.0303353505694379E15
4.848054285029186E14
1.3114845733808098E15
7.143917693242435E14
1.0911977395050291E15
8.808370840274398E14
1.0907237493673954E15
8.793006950224249E14
6.636937232439418E14
1.0856698340093346E15
1.480351408067579E15
8.497186090834048E14
7.183946496143864E14
7.010945514052094E14
9.919338300881684E14
1.407465378058466E15
1.21551640523115E15
8.787898711683714E14
1.2385550392579692E15
1.142961002634779E15
1.3073887396339598E15
7.301497553144508E14
1.3603435226089358E15
1.2174624077086442E15
8.064372710768075E14
1.1196592581663905E15
1.4023892010130942E15
4.697626121764636E14
9.225210311002089E14
9.238690365354896E14
1.4219922181938652E15
8.368893442287656E14
7.915148307124228E14
1.126292516609795E15
1.4557872394803975E15
7.42500882130194E14
1.311038063660993E15
1.3894971908734768E15
1.0878417640241109E15
7.620160016162988E14
1.0312206340711278E15
8.951789445807735E14
9.455936584427655E14
1.2989140355935165E15
1.1710032142046862E15
1.2912312152954372E15
4.4308545541538956E14
1.4040037245298728E15
1.1516341671288672E15
5.4894715103521006E14
1.3679812661915248E15
1.364077448799787E15
1.425874145968831E15
1.0901056004829354E15
1.3382187718906082E15
6.41053396230048E14
5.877673142403165E14
9.874799630780505E14
1.1731667368345675E15
1.2633090585815622E15
4.585611197148421E14
1.0696654807354859E15
1.1420329049448122E15
7.26940142227977E14
7.632460966828415E14
8.981549317712785E14
1.489952591450864E15
1.0121930471124048E15
1.4521748048012468E15
1.1994938991948415E15
7.806126072177656E14
4.310094970886403E14
7.030755229887426E14
4.959328381543014E14
1.1236276121062519E15
4.888678409624664E14
7.643504766034148E14
5.6159268590258525E14
1.41584130400217E15
6.988401960219878E14
1.1456682015402025E15
6.343201014883021E14
1.1069069452974924E15
9.058420634903208E14
7.249537643227985E14
1.4016034435710685E15
5.519361166691963E14
1.291874968910546E15
9.001845141449764E14
7.545982695166338E14
1.3023235296115245E15
6.502302238017301E14
1.2702339958710842E15
5.793486667805785E14
1.2300889721832038E15
1.201805413263966E15
5.363859091533349E14
8.409580738953982E14
1.2756452099689732E15
6.39465946715908E14
1.0440446028321349E15
6.823892021158109E14
1.013013274702528E15
7.891028852187536E14
4.232343304707186E14
1.2454061657297285E15
6.439448197652138E14
1.377673768313127E15
1.235778924509925E15
1.2724254779638745E15
1.147853088688708E15
1.2292128246032468E15
8.955090909288996E14
1.383918355154449E15
1.1098831059337884E15
5.086488098302003E14
6.258700405189829E14
1.1247780261093129E15
9.967265147625845E14
5.079766003515008E14
1.455305086582827E15
5.3476764354518656E14
4.9227573130643256E14
1.1371327456171008E15
1.1101377746253585E15
1.268711841679251E15
9.587451300004441E14
1.4608981510736472E15
1.1239382160228165E15
1.0705753683231938E15
1.0202933573102298E15
8.467669630421496E14
1.0917750964777586E15
5.917801650046161E14
4.459640783099092E14
1.229590800603189E15
1.1722234715806815E15
1.3872484179128928E15
1.0263234102701839E15
9.217292146685099E14
7.351875465829968E14
1.3065191745900545E15
6.841749762995171E14
5.816835382289515E14
1.4136469651915258E15
1.484074788490251E15
1.3038006559315378E15
1.1479424126219338E15
1.169775343762389E15
8.218652170588885E14
9.803205314325001E14
5.814521397265632E14
1.1011319935365176E15
1.3376661954759595E15
8.46528862503008E14
1.0957248036579121E15
1.4433330705520435E15
1.2398299166090712E15
1.3410362627132558E15
6.703174494536895E14
1.2285556404842952E15
6.85923642281549E14
1.16685009899261E15
1.230037521912499E15
6.767013282607708E14
1.147897472972409E15
6.303673709661552E14
1.126225698537705E15
7.074001418120869E14
1.3294288891899025E15
1.422497935750847E15
1.4412096174549815E15
1.0082579194832079E15
5.433295284054363E14
6.179789530180449E14
8.568506438485389E14
7.041935769965554E14
8.432308122960232E14
1.0591362181192271E15
7.009421041298256E14
1.258743182630649E15
5.913217454672312E14
7.364713361557456E14
1.1832850219863738E15
1.302710468344946E15
4.666926188972179E14
1.340461220175679E15
4.372977197683584E14
1.2902232848884595E15
5.291119711610833E14
8.249466651963969E14
1.444161313470465E15
1.2118789565419372E15
1.2069626355383995E15
1.0751983381556532E15
5.699833280760421E14
9.977334344716546E14
8.350968329987489E14
1.3419837175059285E15
6.667937658728422E14
6.054807882803092E14
1.3013231947661285E15
1.2112417253543012E15
1.37594360003131E15
9.473927188133474E14
5.382043225943058E14
9.27733626739528E14
1.3721414568263098E15
1.3789270517970148E15
1.0819213272403261E15
9.698901201534609E14
7.807857927500809E14
9.382636043241314E14
1.2850672797887288E15
1.315886698575385E15
1.1831096884062128E15
1.0962495424218141E15
1.0812728546156601E15
5.3165391429582144E14
7.951970314021544E14
1.0791335764685554E15
9.495553042223644E14
6.040142129347619E14
6.569320035750332E14
7.670527648947095E14
1.274761396206987E15
8.175395004762809E14
5.166310652618307E14
5.149080165001966E14
