24.443201210543894
25.707214451446823
24.37968380530468
25.944404033930006
22.017179148420492
23.288945173397494
23.41644360477838
24.28976626850042
22.392709031169122
20.403410242705252
22.15838925498081
23.392807995065976
24.700355826729538
23.01371589070618
22.901529861883827
22.26542723991768
22.992900081030797
25.755316666999594
24.107488164505224
23.09340088727173
21.65396589656529
23.577810581226096
25.298335127367668
22.526973276574154
21.24744167649995
21.20644784549257
22.841313045165855
25.6873787596185
26.345260662289178
22.76049616147472
23.863507265038812
22.91866645612195
21.633320139884788
22.492395316620463
23.049951886035675
20.672142826190715
23.983033154745364
24.820890245064064
24.112007678206798
23.6277803549891
21.296262478149053
24.2363779991355
24.23567861348862
23.32068292594502
24.467786071978452
23.30576208178749
23.346784779227317
21.387166348803174
24.56709582459414
21.361907049388705
22.8097077551807
23.12713073032069
24.650864255070267
20.312741127469803
21.631993733365654
22.601383017633854
22.76777710689071
23.825806221182866
23.60059827290999
22.74529833700982
24.14738522714249
22.67855201658363
21.928299148932552
21.500649811441246
24.45509772727185
21.759809272101172
23.73704735430648
22.208621123513197
22.621889331052092
22.397028983739833
21.666471031062947
23.63997781786612
21.033152128064923
21.47142633410745
23.46391042256819
21.00358054305265
22.285706359210494
24.697960757900695
22.763395756979197
22.642265487338754
23.487210752131595
23.77620435766222
20.959066187087686
24.667667455185214
23.874704793235857
22.65881148665141
22.713021439986452
23.026862202356007
20.401532727379347
21.52855633349167
23.338532276704075
21.360748720736012
22.145428962076952
23.786748679088415
20.030268079778235
23.86624472472008
22.685019309712153
23.855572810993834
21.534267051373643
21.42040926453148
21.726173797056564
23.63488122542319
20.86274058954046
24.45516050435601
22.031266475423962
19.26647152850374
19.22691969538588
23.902546793304964
22.08855416099408
23.927670659090804
22.745380814223555
22.447526828627296
21.575174735245536
21.782153744988715
22.087703304025414
23.836465577186964
23.751086125448374
23.87995373107725
22.915947054068216
24.59659927722139
22.983495132312104
20.883833655605237
21.649678426469876
22.234172264640993
20.9457536246146
26.284329132524995
22.56502744727257
21.951265848145866
24.279086263711097
21.427948207010495
22.552215395268284
21.299465526213446
21.766351035919026
24.364729659687
23.805038198563707
22.494643355311016
22.025671081685537
21.96160065339286
21.488271330072667
23.7604979851438
22.567883317495372
22.12129156091851
22.253337415260994
21.31263156421617
22.266320496739027
22.88742191755236
22.795899162016493
22.79135723611992
23.565203540788836
21.952639322600433
25.479715716276182
23.379171804534003
21.94029945452041
21.998942307759155
22.492254069986732
23.67904640430639
23.147923720800282
24.632262083099523
23.76363016972834
22.018192663871424
26.038255408176163
24.964750851138312
21.074629325727894
20.152451480452413
19.984240174100687
23.35994123944491
20.483704092594202
20.58535346611404
22.375807002899847
22.05248253779402
21.740931273002214
22.196374449239894
23.496063584800332
21.705460597614536
23.277554341275764
22.656534579101283
21.85674991110373
25.659208858075182
24.056400916095885
23.0242170374373
22.345919599872047
22.549910418581053
22.28264029186179
21.37916421614625
19.575830852377706
21.768564586352202
22.09658496966026
22.067651825455545
24.468821827072688
23.626546798817596
21.92055373056892
24.812747942933946
21.952244354190945
24.613799506768558
23.176601764874412
22.3365630262662
22.695970813569055
24.58719813153842
22.350548287709195
23.728276589229875
24.58100270142193
24.34426329959313
20.73032963872622
21.902917648827785
24.588822037172356
22.958290760186422
23.028169722943517
25.02214163319635
23.525360822065384
21.21188477396152
21.365243562275257
25.24568447170582
22.807519581942117
21.914622542121773
20.942881947170424
22.326179798354026
24.100833376267072
25.01977739400708
22.864574748720283
23.97300760067223
21.92945502227431
22.390627791853515
22.17975349824104
21.97207876656789
21.7024042521645
21.435247234113135
22.239421355790604
22.163798341788148
21.070286447428725
23.41275379724696
22.869025382944834
22.398293619170797
24.230909496511174
23.708076838097064
22.398245082959985
21.49903051890199
21.79308446844842
21.97131490176427
23.721006560846774
22.4469708337852
24.79071717033338
23.4212826746996
21.11922195355162
22.728456038434388
24.296688597842724
22.053029936099183
20.964883257167177
21.959371715415507
23.07578680614399
21.59024744859694
22.321732682912334
24.124866228940125
22.722297088744227
21.036671191124746
23.306917728537798
24.80162014116121
24.088602615202515
24.831851206062773
21.095122459657002
22.65008572113401
20.737390825059958
22.68833969173992
24.498713907845566
22.08282842466241
22.317465816438983
20.898442294305553
22.233722893931457
22.304577120333036
24.119385729580042
23.346449284119423
21.27981745640118
22.569944099955055
24.56841623779755
21.135693196075916
22.79568930650384
21.546945709946733
21.970915090993124
22.14783471273429
22.142838638707644
22.460703594133722
24.83862539109415
24.307043738781143
22.87042989426306
23.85849083460413
22.446235623551
22.71872487748849
23.149670235896373
22.87290849454308
21.39197695010499
25.28679220719652
22.448765876454285
22.827677483988893
24.438818365538133
21.936976043360577
23.829150871465195
23.65402700676023
22.480866693777358
25.368892887050624
23.23524487367962
21.90106918742497
22.330583664606227
21.037429203306917
21.85607018922749
20.221842430995192
23.750732403747744
20.920926375099203
22.97356273173406
25.371925746730405
21.356875081288614
19.47975770740855
20.375986761644914
22.845956247966875
24.25312089661751
21.022769119323016
21.922369395952302
23.37720144980066
25.891160185270415
24.306554021978922
22.71060000396844
18.920202412963494
24.9681093538324
25.362448401061382
23.592645318701273
23.107417464137868
22.008582515003248
20.953453334244976
22.337774510095937
24.20784476122109
22.983803264045484
22.142039353966236
23.403406771590575
20.364788359316105
23.15000807415297
20.331217820084948
24.899519308615858
24.412748508916383
24.526207135174943
23.98227406166357
25.189253354038055
21.898283162540913
24.2806809798782
24.049807317078788
20.77095236404816
23.392447770818595
22.877285789684624
21.451839556075893
23.402075034034493
20.695801599239505
22.544136725833653
22.241046070524277
22.384846098316782
22.567234188329625
24.555762460516807
23.000910808879812
20.943213243229515
22.465532709478364
23.578429228939324
22.90351039263035
20.15052450719732
23.917763579979024
24.188942690809405
21.198010122391498
18.11791811084879
24.254945011605823
23.369545631897797
23.210401487397082
24.540134050963935
23.203032079117868
21.253670973097485
22.915566995206355
21.278712855977655
25.77409350367427
23.34392417941765
22.216918353807056
22.736917314657976
21.88279550709496
21.43325745081207
21.813747521553385
22.571519377665656
24.038594989898424
20.282881335057706
24.91548186567077
24.314883800872945
23.01375074564543
23.33800341254143
20.8263587667778
24.378781170103025
24.135760118357958
22.70919671580451
22.83947364179429
23.08081333209041
21.255376264975872
24.696259411107363
24.360829636853254
24.288646128919773
22.94845869158657
22.644426728862985
21.992457756528303
20.599135424711616
23.08539256779389
24.825601210654458
21.814780254621148
23.11544687797536
21.5848432482861
21.43835415171609
22.480694224677865
22.841055381740837
23.337791041642525
21.556247144543377
21.28961719757829
21.9730560637531
22.852426276597768
21.927982986120757
23.038164537818535
22.414921779943988
21.9069300768482
22.038925450549968
23.336749428092592
23.06981781208715
23.750288710632557
25.109138516310217
21.798428212972023
21.933753335536796
20.860652610679338
23.740802213874428
21.83747396104066
21.203726177453593
22.7168984829943
23.207674471004786
25.404204826806293
21.22230495760784
23.01579940535396
23.314037146125184
24.290686935083972
21.771263924190706
22.919709599480242
22.12561553959874
23.67941187484099
20.999533990890143
20.841429854756164
23.090147613751245
21.34520419229652
21.34828604975607
21.1443453740757
23.37595930202309
22.699619903533534
24.9416107085132
21.30878549045589
21.0259041693484
22.627836346427646
24.996986682700886
24.92417528196264
23.756560277347706
23.0032910503349
20.853131219064526
22.67174014729197
21.844317192509852
23.209952452873225
21.252140350299076
21.44268871257257
22.49040157994568
21.86179939857649
23.343615454639316
24.81470648839282
23.640947914332937
24.090999502687698
21.639003546570436
24.83780210585282
22.785968992157496
23.41017981122216
22.897469539613212
25.06599830221353
22.537714580639392
24.444932132817463
26.057416432164672
22.04064314457568
24.1777689287773
24.72872147165086
22.73496757299527
22.224190350945953
22.28849416539091
23.50728057172033
22.458837645087318
24.081601581603078
23.071911275352345
21.269098062826345
20.203978563891805
23.678716277072287
23.47633657753392
20.923525429373218
22.84807991384491
23.591547334888194
23.373077176604458
24.016694266426523
22.00579608091791
20.68963429857232
24.234617821477446
22.341497234947898
23.78218255619325
20.06417447385544
22.919880679638755
22.45618783333232
20.98665041616958
23.3128354130726
23.845128430491613
24.085498846948937
22.757394047409267
23.303293034676194
22.902883210502896
21.312552895685613
20.723703603501427
23.4884467934893
22.880673518178764
20.417646197269114
22.035494645646946
21.71263618089489
21.67273900038111
22.97984777498384
21.427777287567785
23.306324730657995
25.106399292362198
22.44742135523597
24.280699714726538
22.838822346918928
21.080522122315923
22.585482990290807
23.876023221732463
23.095915556757777
21.97243597588979
24.067323452680284
22.34226787042668
23.063181613378127
23.5579787969479
21.592417208306454
22.672492880955968
21.137033008125965
23.053591915084965
23.91877256361021
22.929405010661096
23.07899039239735
22.064671928299294
22.949097427628317
21.444818119741075
23.19590975646857
22.357668553220133
20.82049584254553
22.67183771233747
22.045400475622206
22.11692905855838
21.91368980321996
22.74857101189356
24.314051798247867
21.705860635855046
20.730378758515755
24.735357722106944
20.965541299932916
25.210477310739318
22.04559416009681
21.48865374800111
24.192018837663856
20.749772726807382
22.740130330610913
26.463029231665132
21.425062339035506
22.724837445475817
20.85498533763873
22.260618994614834
19.93067530117101
21.37903198181028
20.937421767012268
23.13100855773647
22.28125107028081
22.313114583396704
23.29537681370344
21.473734973806938
21.73598537957781
23.46461524247755
22.77082757051221
23.571615796492804
23.985124621139473
26.71656132531488
21.809566943460933
25.33285088734321
23.811029322473285
23.293574392060485
23.713833965919484
22.249947353477673
21.985293719027396
21.312782275943814
22.34378627271686
22.833838961965085
22.157880699872674
22.08675235019047
23.19228653471947
24.469284860604567
20.72160582119257
23.39149369224044
21.596139062638215
25.218814075027094
23.328052061010844
21.676626449990962
24.902473005750405
21.50087113294437
21.066102774191766
22.560516637173944
23.042219133334655
23.266761757570713
21.703483086107966
23.23085319611351
21.42294087847488
23.281813184296606
24.35051914494861
22.332646091406627
24.587861641609464
22.335794901196067
23.034082141354304
25.684098459401405
25.50008991260248
22.16357832581804
22.829981572065066
22.776847618132688
24.175839137370613
21.843008401366873
21.979643079838258
21.17779543187756
23.87965765518859
23.902842903621437
26.04168879831859
21.790943619316756
21.424481955471677
24.26464751378414
23.53639429370017
20.84590829871998
23.653257991306653
21.44261801271169
21.999583558399408
23.499109617482453
24.12862563056962
23.405322410148237
23.48687474527255
20.82781046834044
23.102188247618212
21.7775006501631
21.984312168890934
22.179988010421077
22.104962824969274
25.35426226924095
21.83123688142866
23.534915962341962
24.589192677914255
23.752760760273283
24.782532313981918
21.964475707981133
20.89074736380617
21.54304179276095
23.205687317482425
22.38622024372313
23.15272267917095
23.573422343236672
22.463040329595486
22.699377179045594
23.646958669932886
22.579353874319448
23.122332476233098
23.78806915299499
23.314696012190343
23.927838513078328
24.30575392613733
21.983875002856784
22.526718350393722
22.721640715106986
21.69758518932085
23.345189236849105
22.88335176091731
24.630857799973143
23.73505140470127
26.23130291574777
22.128919853399974
22.54119434304945
20.92136131927516
23.99715570612614
25.44871755222837
24.32591125311012
22.894806558900004
22.421490592853313
21.053297303176834
21.632761162732784
23.167640422448343
22.34696343570778
21.95136568129588
23.223598175482522
21.519283867705035
20.333173421657868
23.63366790716966
20.25958603004141
21.965979083561948
20.07307784977594
23.14492358803772
25.23357866986155
20.138316031630346
24.45827411874153
22.709470841743535
24.341848657244444
21.23186538662505
21.44317754274049
20.846565698115832
21.86552430233827
21.508816853241342
22.069354466824905
25.945730194258942
21.18835620942596
23.126423333384892
22.773781182403575
20.779847934708904
22.586621224923398
24.8495749914062
22.85659723583229
22.794678826894142
23.619224876105978
22.638273628135806
21.911939431631005
24.00975774023603
21.019847867874578
19.855705202916237
21.20030856615936
22.6351563325966
23.530865579040015
22.386700355924393
24.561929252027998
23.73812710685865
24.594232464696784
23.170979792745886
23.024088589414166
21.81229385148343
19.917556114277115
23.429359096289314
21.457790425285225
22.904837205658442
19.934094431952712
22.583960947687572
22.8015031661643
24.53186495610754
23.780786316685667
21.357394539387812
21.134719964874712
21.061623037096208
25.168538555047903
21.304556221852327
24.198906756549
22.27773064670816
23.76200148195238
21.575368730660273
22.93062055617911
23.965022150973336
21.62217917658437
26.15105432938971
21.4343150781929
21.33770726169898
23.819851591080678
22.84866772162552
23.223666488952993
25.014915466235564
22.84818547732716
21.01545434846605
25.22405901996617
22.209009060559595
22.488056242469668
21.906506337906283
23.557190433225283
24.19792206893323
23.423733982825677
22.677172113911375
24.32592111461809
23.25490344347565
24.165050567764
24.135451257098403
21.588187006145315
23.20480103344846
24.274281354279733
23.40476580357795
25.32656693359718
24.8885668922024
23.995804884584157
21.34175433198293
21.089282754962642
20.90345140419278
23.62712146435164
24.804761589242485
22.711913144192547
21.880855977353754
21.223121810099787
22.514205351490826
22.81528492816119
21.62220256003198
22.623357086384686
20.891626628344707
22.233652963384802
20.68146580355347
22.03775980352116
23.92539717623292
19.661480673903352
21.282286443377913
20.515475355606487
24.069740373398517
20.770179951608483
23.282698557955694
21.127361843831682
21.700804662852917
23.656765359029073
23.575777939710505
24.286733598158676
20.283064141002917
23.167412419118207
26.246616209822314
23.3480909637817
24.42001833417713
23.06957938095685
21.938148593844396
22.166963725477164
22.793833205027767
20.645358379698898
24.705046680472115
23.345104618068657
24.190698400015027
22.136953748456172
22.357991305088223
23.021942492723262
23.57769932331516
22.835056870585174
21.04926735513053
22.997889770347953
22.800519943491715
23.09806398127798
24.02876689427451
20.86855225219067
22.05651098489134
22.129792804986355
25.801626526495575
20.065929667730803
23.017129298155904
20.544350397298352
25.090838274700776
22.200477148507346
22.52168403434742
23.423846013023915
20.688844879338546
20.07015008538426
20.545637543728148
23.046202780810198
22.195557666084166
23.342316316553045
23.2556044432005
24.1644036354802
22.821394185861816
22.25135939361872
23.712052516429512
21.68100272912527
24.279577244701823
23.713149114549463
22.38030162245852
23.78367019777868
23.653896309486292
19.863720434108387
22.746760088412774
22.253653859957605
23.329009656520565
23.46275137605868
21.90133408850139
23.700434394600894
24.45264090437355
26.017059810854
20.448126473977375
23.27194050533815
20.535894282011093
21.92923097661143
20.91112755625727
21.602319433099666
21.57750514846729
23.915924703037565
23.93382010299738
22.111538673612564
22.33302492096803
23.86920505198737
23.141938239171044
23.084989437304234
23.817089171817855
22.3789868585343
22.545834541009683
23.6271473694589
23.360118521499345
23.2165520853092
24.21146504445034
22.150070651265775
22.567918052840586
21.612383629347683
22.60808050930664
22.8546883026261
21.51187192200923
23.333598707536698
24.081509807532587
23.372337755183718
21.054890821247955
22.940881068660353
25.369142832321604
23.771612739926873
20.090049965603548
20.949013738088063
23.191080116829276
21.627277665367913
22.286042713102475
21.27286499247149
21.486358237888695
21.428411147924244
22.959970311338576
22.48962291872405
21.313906786392675
25.87775237557053
21.35560826287298
23.160429294508024
23.490132153075486
23.101801783510638
21.499978469844198
23.332487948722296
21.211034503817704
21.962246302772815
22.358191629845404
22.8317808181884
23.77700274721805
22.004123290386516
25.113067588387054
19.828793979968346
23.666582430667788
23.76042934786036
22.049018763144506
24.587343977303256
22.107687560220814
23.23307441912648
21.32425582573173
23.24494132593505
19.780657108651834
22.351613452221567
21.665740367465773
23.99257799358512
21.72324943426578
21.339496112982577
22.193943559413047
24.920874048722208
22.84103829904454
24.130351681233137
20.374845269329573
22.829284247218222
23.294560951387542
21.66108451653701
22.281026086858386
24.5017628278288
22.013558802530095
21.66447934492009
21.729708523891667
22.321319860992634
21.492464018212104
22.964386822019957
22.044973641904726
24.48807335205201
24.216813373281582
22.32070098329061
21.660708161969357
22.72268967954891
25.13004430819851
22.443602599923793
23.628175806982306
22.96489318929247
22.49591201243088
20.895864186426923
23.163827439391625
22.726896897804803
24.704791612864565
23.350145047787546
22.97049021914482
20.182230938654097
24.19263437084588
21.546324892381
24.454540573912894
22.04489245497794
23.676918761129983
21.088369766233317
23.154524012643094
22.634732195208265
23.07823898429049
23.33684895949056
21.607416851297636
22.64060426508238
25.769839146581567
23.148520717213806
23.312263361731866
21.180215923360397
22.44185514883791
21.477107280119675
21.419178171409275
20.48599037623596
22.677372813808383
